843	7.10283E-6
843.05	3.05793E-5
843.1	6.82614E-5
843.15	1.05944E-4
843.2	1.43626E-4
843.25	2.18605E-4
843.3	1.81693E-4
843.35	1.44781E-4
843.4	7.05726E-5
843.45	7.09578E-5
843.5	1.45937E-4
843.55	1.83619E-4
843.6	1.84004E-4
843.65	7.24986E-5
843.7	1.10181E-4
843.75	7.3269E-5
843.8	7.36542E-5
843.85	1.48633E-4
843.9	1.11722E-4
843.95	7.48099E-5
844	1.12492E-4
844.05	1.50174E-4
844.1	1.87856E-4
844.15	2.25538E-4
844.2	2.25924E-4
844.25	1.89012E-4
844.3	1.521E-4
844.35	1.15188E-4
844.4	1.15574E-4
844.45	7.86619E-5
844.5	7.90471E-5
844.55	7.94323E-5
844.6	7.98175E-5
844.65	8.02027E-5
844.7	1.17885E-4
844.75	8.09731E-5
844.8	8.13583E-5
844.85	8.17435E-5
844.9	4.48317E-5
844.95	4.52169E-5
845	8.28991E-5
845.05	1.20581E-4
845.1	9.07561E-6
845.15	9.46081E-6
845.2	4.71429E-5
845.25	1.22122E-4
845.3	8.52103E-5
845.35	1.60189E-4
845.4	1.23278E-4
845.45	1.98257E-4
845.5	2.35939E-4
845.55	1.99027E-4
845.6	1.62115E-4
845.65	8.79067E-5
845.7	8.82919E-5
845.75	8.86771E-5
845.8	5.17654E-5
845.85	-2.24433E-5
845.9	1.52388E-5
845.95	5.2921E-5
846	-2.12877E-5
846.05	1.63944E-5
846.1	5.40766E-5
846.15	5.44618E-5
846.2	1.29441E-4
846.25	2.0442E-4
846.3	1.30211E-4
846.35	2.0519E-4
846.4	2.80169E-4
846.45	2.43258E-4
846.5	2.06346E-4
846.55	2.06731E-4
846.6	9.52255E-5
846.65	9.56107E-5
846.7	1.7059E-4
846.75	1.70975E-4
846.8	1.34063E-4
846.85	2.09042E-4
846.9	2.09427E-4
846.95	2.09813E-4
847	2.47495E-4
847.05	3.22474E-4
847.1	2.48265E-4
847.15	2.4865E-4
847.2	2.49036E-4
847.25	2.49421E-4
847.3	1.75212E-4
847.35	1.383E-4
847.4	1.75983E-4
847.45	6.4477E-5
847.5	6.48622E-5
847.55	6.52474E-5
847.6	6.56326E-5
847.65	6.60178E-5
847.7	6.6403E-5
847.75	1.41382E-4
847.8	1.79064E-4
847.85	1.79449E-4
847.9	1.42538E-4
847.95	2.17517E-4
848	1.43308E-4
848.05	1.43693E-4
848.1	1.81375E-4
848.15	1.07167E-4
848.2	4.33887E-6
848.25	3.95367E-6
848.3	1.08322E-4
848.35	3.41137E-5
848.4	3.44989E-5
848.45	1.09478E-4
848.5	1.09863E-4
848.55	7.29514E-5
848.6	1.4793E-4
848.65	1.48316E-4
848.7	7.4107E-5
848.75	7.44922E-5
848.8	7.48774E-5
848.85	7.52626E-5
848.9	1.12945E-4
848.95	1.50627E-4
849	1.51012E-4
849.05	1.51397E-4
849.1	1.89079E-4
849.15	2.64058E-4
849.2	3.01741E-4
849.25	2.64829E-4
849.3	2.27917E-4
849.35	1.91005E-4
849.4	2.28688E-4
849.45	2.6637E-4
849.5	3.04052E-4
849.55	2.6714E-4
849.6	2.30228E-4
849.65	3.05207E-4
849.7	3.4289E-4
849.75	3.80572E-4
849.8	3.06363E-4
849.85	3.81342E-4
849.9	3.4443E-4
849.95	3.82112E-4
850	3.45201E-4
850.05	3.45586E-4
850.1	3.45971E-4
850.15	3.46356E-4
850.2	3.84038E-4
850.25	3.47127E-4
850.3	3.47512E-4
850.35	2.36006E-4
850.4	1.99095E-4
850.45	1.24886E-4
850.5	1.25271E-4
850.55	8.83594E-5
850.6	5.14477E-5
850.65	5.18329E-5
850.7	5.22181E-5
850.75	8.99002E-5
850.8	5.29885E-5
850.85	9.06706E-5
850.9	1.28353E-4
850.95	1.66035E-4
851	1.6642E-4
851.05	1.66805E-4
851.1	1.67191E-4
851.15	2.4217E-4
851.2	2.79852E-4
851.25	2.80237E-4
851.3	2.43325E-4
851.35	2.4371E-4
851.4	2.81393E-4
851.45	2.81778E-4
851.5	3.1946E-4
851.55	2.45251E-4
851.6	2.45636E-4
851.65	2.46022E-4
851.7	2.46407E-4
851.75	3.21386E-4
851.8	1.72583E-4
851.85	1.72969E-4
851.9	9.87599E-5
851.95	1.36442E-4
852	1.74124E-4
852.05	2.49103E-4
852.1	2.49488E-4
852.15	2.49874E-4
852.2	3.24853E-4
852.25	3.25238E-4
852.3	4.37514E-4
852.35	3.63305E-4
852.4	3.6369E-4
852.45	3.26779E-4
852.5	3.27164E-4
852.55	3.64846E-4
852.6	3.65231E-4
852.65	3.65616E-4
852.7	3.66002E-4
852.75	4.03684E-4
852.8	4.41366E-4
852.85	4.04454E-4
852.9	3.67542E-4
852.95	2.93334E-4
853	2.93719E-4
853.05	3.31401E-4
853.1	2.57192E-4
853.15	2.57578E-4
853.2	1.83369E-4
853.25	1.83754E-4
853.3	2.58733E-4
853.35	2.96415E-4
853.4	2.59504E-4
853.45	2.59889E-4
853.5	3.34868E-4
853.55	3.35253E-4
853.6	3.35638E-4
853.65	3.36023E-4
853.7	2.99112E-4
853.75	3.36794E-4
853.8	3.37179E-4
853.85	3.74861E-4
853.9	3.00653E-4
853.95	3.38335E-4
854	3.3872E-4
854.05	3.39105E-4
854.1	3.02193E-4
854.15	2.65282E-4
854.2	3.02964E-4
854.25	2.66052E-4
854.3	3.03734E-4
854.35	3.41416E-4
854.4	3.79098E-4
854.45	3.79484E-4
854.5	4.17166E-4
854.55	3.80254E-4
854.6	3.80639E-4
854.65	4.92915E-4
854.7	4.56003E-4
854.75	4.19092E-4
854.8	3.8218E-4
854.85	3.82565E-4
854.9	3.8295E-4
854.95	3.83336E-4
855	3.83721E-4
855.05	3.46809E-4
855.1	3.47194E-4
855.15	3.10283E-4
855.2	3.10668E-4
855.25	3.11053E-4
855.3	3.11438E-4
855.35	3.4912E-4
855.4	3.86802E-4
855.45	3.87188E-4
855.5	4.2487E-4
855.55	4.99849E-4
855.6	5.00234E-4
855.65	5.00619E-4
855.7	5.38301E-4
855.75	5.38687E-4
855.8	5.39072E-4
855.85	5.39457E-4
855.9	5.39842E-4
855.95	5.0293E-4
856	4.28722E-4
856.05	4.29107E-4
856.1	4.66789E-4
856.15	3.9258E-4
856.2	3.92966E-4
856.25	4.30648E-4
856.3	4.31033E-4
856.35	4.31418E-4
856.4	5.06397E-4
856.45	5.44079E-4
856.5	5.44465E-4
856.55	5.07553E-4
856.6	5.45235E-4
856.65	4.71026E-4
856.7	5.08708E-4
856.75	4.71797E-4
856.8	4.72182E-4
856.85	4.3527E-4
856.9	3.98358E-4
856.95	4.73338E-4
857	3.99129E-4
857.05	3.99514E-4
857.1	4.37196E-4
857.15	4.37581E-4
857.2	3.63373E-4
857.25	3.63758E-4
857.3	4.0144E-4
857.35	4.39122E-4
857.4	5.14101E-4
857.45	4.7719E-4
857.5	4.40278E-4
857.55	4.7796E-4
857.6	4.41048E-4
857.65	4.7873E-4
857.7	4.04522E-4
857.75	4.04907E-4
857.8	3.67995E-4
857.85	4.42974E-4
857.9	4.80656E-4
857.95	4.81042E-4
858	5.93318E-4
858.05	5.56406E-4
858.1	5.94088E-4
858.15	5.94473E-4
858.2	5.57561E-4
858.25	5.57947E-4
858.3	4.83738E-4
858.35	4.09529E-4
858.4	4.09914E-4
858.45	4.103E-4
858.5	4.85279E-4
858.55	4.85664E-4
858.6	4.86049E-4
858.65	4.49137E-4
858.7	4.8682E-4
858.75	5.24502E-4
858.8	5.24887E-4
858.85	5.25272E-4
858.9	4.8836E-4
858.95	5.26042E-4
859	4.51834E-4
859.05	5.26813E-4
859.1	5.64495E-4
859.15	5.6488E-4
859.2	5.27968E-4
859.25	4.91057E-4
859.3	4.54145E-4
859.35	4.5453E-4
859.4	5.29509E-4
859.45	4.92598E-4
859.5	4.55686E-4
859.55	5.30665E-4
859.6	5.3105E-4
859.65	5.68732E-4
859.7	6.06414E-4
859.75	6.44096E-4
859.8	6.07185E-4
859.85	5.70273E-4
859.9	5.70658E-4
859.95	4.9645E-4
860	5.34132E-4
860.05	5.34517E-4
860.1	4.97605E-4
860.15	4.9799E-4
860.2	4.61079E-4
860.25	4.98761E-4
860.3	5.7374E-4
860.35	5.74125E-4
860.4	5.37213E-4
860.45	5.74895E-4
860.5	6.12578E-4
860.55	6.12963E-4
860.6	6.50645E-4
860.65	6.5103E-4
860.7	6.51415E-4
860.75	6.51801E-4
860.8	6.89483E-4
860.85	7.27165E-4
860.9	7.64847E-4
860.95	7.65232E-4
861	7.2832E-4
861.05	7.66003E-4
861.1	7.66388E-4
861.15	7.29476E-4
861.2	7.29861E-4
861.25	6.92949E-4
861.3	6.56038E-4
861.35	6.56423E-4
861.4	6.56808E-4
861.45	5.82599E-4
861.5	5.82985E-4
861.55	5.46073E-4
861.6	5.09161E-4
861.65	5.09546E-4
861.7	4.35338E-4
861.75	4.7302E-4
861.8	4.36108E-4
861.85	4.7379E-4
861.9	4.36879E-4
861.95	4.37264E-4
862	5.12243E-4
862.05	4.75331E-4
862.1	5.13013E-4
862.15	5.13398E-4
862.2	5.51081E-4
862.25	5.51466E-4
862.3	6.26445E-4
862.35	6.64127E-4
862.4	6.64512E-4
862.45	7.02194E-4
862.5	7.39876E-4
862.55	7.02965E-4
862.6	7.0335E-4
862.65	7.03735E-4
862.7	7.41417E-4
862.75	7.04505E-4
862.8	7.42188E-4
862.85	7.7987E-4
862.9	7.80255E-4
862.95	8.17937E-4
863	8.18322E-4
863.05	8.18707E-4
863.1	8.19093E-4
863.15	8.19478E-4
863.2	8.19863E-4
863.25	7.82951E-4
863.3	7.83337E-4
863.35	7.83722E-4
863.4	8.21404E-4
863.45	8.59086E-4
863.5	8.59471E-4
863.55	8.97153E-4
863.6	8.97539E-4
863.65	8.60627E-4
863.7	8.61012E-4
863.75	8.61397E-4
863.8	8.24485E-4
863.85	7.87574E-4
863.9	7.50662E-4
863.95	7.1375E-4
864	7.14136E-4
864.05	7.51818E-4
864.1	7.52203E-4
864.15	7.89885E-4
864.2	8.27567E-4
864.25	8.27952E-4
864.3	8.28338E-4
864.35	8.28723E-4
864.4	7.91811E-4
864.45	7.92196E-4
864.5	7.92581E-4
864.55	7.92967E-4
864.6	7.56055E-4
864.65	7.5644E-4
864.7	7.94122E-4
864.75	7.94507E-4
864.8	7.94893E-4
864.85	7.57981E-4
864.9	8.3296E-4
864.95	8.33345E-4
865	8.71027E-4
865.05	8.71412E-4
865.1	8.71798E-4
865.15	9.46777E-4
865.2	9.47162E-4
865.25	9.47547E-4
865.3	9.10635E-4
865.35	9.11021E-4
865.4	9.11406E-4
865.45	9.11791E-4
865.5	9.12176E-4
865.55	9.12561E-4
865.6	9.12947E-4
865.65	9.87926E-4
865.7	9.88311E-4
865.75	0.00103
865.8	0.00103
865.85	0.00103
865.9	0.00106
865.95	0.00106
866	0.00107
866.05	0.0011
866.1	0.0011
866.15	0.00107
866.2	0.00107
866.25	0.00103
866.3	0.00103
866.35	0.00103
866.4	0.00107
866.45	0.00107
866.5	0.00111
866.55	0.00114
866.6	0.00118
866.65	0.00122
866.7	0.00122
866.75	0.00118
866.8	0.00118
866.85	0.00118
866.9	0.00115
866.95	0.00111
867	0.00111
867.05	0.00115
867.1	0.00111
867.15	0.00115
867.2	0.00107
867.25	0.00111
867.3	0.00115
867.35	0.00115
867.4	0.00119
867.45	0.00119
867.5	0.00123
867.55	0.00123
867.6	0.00123
867.65	0.00126
867.7	0.00115
867.75	0.00119
867.8	0.00115
867.85	0.00115
867.9	0.00115
867.95	0.00115
868	0.00112
868.05	0.00108
868.1	0.00119
868.15	0.00119
868.2	0.00119
868.25	0.00123
868.3	0.00123
868.35	0.00123
868.4	0.00127
868.45	0.00131
868.5	0.00123
868.55	0.00123
868.6	0.00123
868.65	0.00116
868.7	0.0012
868.75	0.00127
868.8	0.00124
868.85	0.00124
868.9	0.00127
868.95	0.00127
869	0.00131
869.05	0.00135
869.1	0.00131
869.15	0.00128
869.2	0.00131
869.25	0.00135
869.3	0.00139
869.35	0.00143
869.4	0.00146
869.45	0.0015
869.5	0.00154
869.55	0.00158
869.6	0.00154
869.65	0.00154
869.7	0.00154
869.75	0.00162
869.8	0.00162
869.85	0.00162
869.9	0.00162
869.95	0.00166
870	0.00173
870.05	0.00173
870.1	0.00181
870.15	0.00177
870.2	0.00173
870.25	0.00173
870.3	0.00173
870.35	0.00181
870.4	0.00177
870.45	0.00177
870.5	0.00177
870.55	0.00181
870.6	0.00185
870.65	0.00185
870.7	0.00188
870.75	0.00189
870.8	0.00189
870.85	0.00189
870.9	0.00192
870.95	0.00196
871	0.00196
871.05	0.002
871.1	0.002
871.15	0.002
871.2	0.00204
871.25	0.00208
871.3	0.00204
871.35	0.00208
871.4	0.00215
871.45	0.00215
871.5	0.00215
871.55	0.00215
871.6	0.00215
871.65	0.00215
871.7	0.00215
871.75	0.00212
871.8	0.00208
871.85	0.00208
871.9	0.00208
871.95	0.00212
872	0.00212
872.05	0.00212
872.1	0.00216
872.15	0.00219
872.2	0.00223
872.25	0.00223
872.3	0.00223
872.35	0.00223
872.4	0.00223
872.45	0.00227
872.5	0.00227
872.55	0.00227
872.6	0.00231
872.65	0.00235
872.7	0.00238
872.75	0.00242
872.8	0.00246
872.85	0.0025
872.9	0.0025
872.95	0.0025
873	0.00242
873.05	0.00242
873.1	0.00243
873.15	0.00239
873.2	0.00243
873.25	0.00235
873.3	0.00239
873.35	0.00243
873.4	0.00246
873.45	0.00247
873.5	0.00243
873.55	0.00247
873.6	0.00243
873.65	0.0025
873.7	0.00254
873.75	0.0025
873.8	0.00258
873.85	0.00258
873.9	0.00258
873.95	0.00262
874	0.00262
874.05	0.00262
874.1	0.00262
874.15	0.00266
874.2	0.00266
874.25	0.0027
874.3	0.00277
874.35	0.00281
874.4	0.00285
874.45	0.00285
874.5	0.00292
874.55	0.00288
874.6	0.00292
874.65	0.00296
874.7	0.003
874.75	0.003
874.8	0.003
874.85	0.003
874.9	0.003
874.95	0.00304
875	0.00304
875.05	0.00304
875.1	0.00304
875.15	0.00304
875.2	0.00311
875.25	0.00308
875.3	0.00308
875.35	0.00311
875.4	0.00315
875.45	0.00311
875.5	0.00315
875.55	0.00315
875.6	0.00319
875.65	0.00323
875.7	0.00323
875.75	0.00327
875.8	0.00327
875.85	0.00334
875.9	0.00334
875.95	0.00334
876	0.00334
876.05	0.00338
876.1	0.00338
876.15	0.00342
876.2	0.00349
876.25	0.00346
876.3	0.00346
876.35	0.00349
876.4	0.0035
876.45	0.0035
876.5	0.00353
876.55	0.00346
876.6	0.00342
876.65	0.00342
876.7	0.00346
876.75	0.00346
876.8	0.00354
876.85	0.00354
876.9	0.00361
876.95	0.00369
877	0.00372
877.05	0.00376
877.1	0.00384
877.15	0.0038
877.2	0.00384
877.25	0.00387
877.3	0.00384
877.35	0.00384
877.4	0.00391
877.45	0.00395
877.5	0.00395
877.55	0.00403
877.6	0.00406
877.65	0.00406
877.7	0.00414
877.75	0.00421
877.8	0.00421
877.85	0.00421
877.9	0.00425
877.95	0.00429
878	0.00425
878.05	0.00429
878.1	0.00429
878.15	0.00437
878.2	0.00437
878.25	0.00437
878.3	0.0044
878.35	0.00444
878.4	0.00448
878.45	0.00448
878.5	0.00452
878.55	0.00456
878.6	0.00456
878.65	0.00459
878.7	0.00459
878.75	0.00459
878.8	0.00463
878.85	0.00467
878.9	0.00463
878.95	0.00463
879	0.00471
879.05	0.00475
879.1	0.00475
879.15	0.00475
879.2	0.00478
879.25	0.00482
879.3	0.0049
879.35	0.00494
879.4	0.00494
879.45	0.0049
879.5	0.00501
879.55	0.00505
879.6	0.00512
879.65	0.00512
879.7	0.00509
879.75	0.00505
879.8	0.00509
879.85	0.00513
879.9	0.00513
879.95	0.00513
880	0.00505
880.05	0.00513
880.1	0.00516
880.15	0.0052
880.2	0.00524
880.25	0.00528
880.3	0.00528
880.35	0.00532
880.4	0.00543
880.45	0.00539
880.5	0.00547
880.55	0.00554
880.6	0.00558
880.65	0.00558
880.7	0.00565
880.75	0.00565
880.8	0.00569
880.85	0.00577
880.9	0.00573
880.95	0.00573
881	0.00577
881.05	0.00581
881.1	0.00584
881.15	0.00592
881.2	0.00596
881.25	0.00599
881.3	0.00611
881.35	0.00614
881.4	0.00618
881.45	0.00622
881.5	0.00629
881.55	0.00633
881.6	0.00633
881.65	0.00641
881.7	0.00641
881.75	0.00641
881.8	0.00645
881.85	0.00648
881.9	0.00648
881.95	0.00645
882	0.00648
882.05	0.00652
882.1	0.00656
882.15	0.00656
882.2	0.0066
882.25	0.00664
882.3	0.00667
882.35	0.00679
882.4	0.00679
882.45	0.00675
882.5	0.00682
882.55	0.00686
882.6	0.00694
882.65	0.0069
882.7	0.00697
882.75	0.00698
882.8	0.00705
882.85	0.00709
882.9	0.00713
882.95	0.00716
883	0.00716
883.05	0.0072
883.1	0.00724
883.15	0.00728
883.2	0.00731
883.25	0.00743
883.3	0.00746
883.35	0.0075
883.4	0.00758
883.45	0.00761
883.5	0.00769
883.55	0.00769
883.6	0.00773
883.65	0.0078
883.7	0.00784
883.75	0.00788
883.8	0.00795
883.85	0.00799
883.9	0.00803
883.95	0.0081
884	0.00814
884.05	0.00814
884.1	0.00818
884.15	0.00825
884.2	0.00833
884.25	0.00833
884.3	0.0084
884.35	0.00848
884.4	0.00852
884.45	0.00859
884.5	0.00863
884.55	0.00863
884.6	0.00867
884.65	0.00874
884.7	0.00878
884.75	0.00882
884.8	0.00882
884.85	0.00889
884.9	0.00893
884.95	0.00897
885	0.00901
885.05	0.00904
885.1	0.00908
885.15	0.00912
885.2	0.00923
885.25	0.00923
885.3	0.00927
885.35	0.00935
885.4	0.00938
885.45	0.00946
885.5	0.00953
885.55	0.00957
885.6	0.00961
885.65	0.00965
885.7	0.00968
885.75	0.00976
885.8	0.0098
885.85	0.00987
885.9	0.00998
885.95	0.01002
886	0.01002
886.05	0.01013
886.1	0.01021
886.15	0.01025
886.2	0.01028
886.25	0.01032
886.3	0.01028
886.35	0.01036
886.4	0.01047
886.45	0.01051
886.5	0.01055
886.55	0.01059
886.6	0.0107
886.65	0.01081
886.7	0.01085
886.75	0.01085
886.8	0.01092
886.85	0.011
886.9	0.01111
886.95	0.01115
887	0.01122
887.05	0.01126
887.1	0.01134
887.15	0.01145
887.2	0.01149
887.25	0.01152
887.3	0.01156
887.35	0.01164
887.4	0.01171
887.45	0.01179
887.5	0.01182
887.55	0.0119
887.6	0.01194
887.65	0.01205
887.7	0.01212
887.75	0.0122
887.8	0.01231
887.85	0.01235
887.9	0.01242
887.95	0.0125
888	0.01261
888.05	0.01269
888.1	0.01272
888.15	0.01284
888.2	0.01284
888.25	0.01295
888.3	0.01299
888.35	0.01302
888.4	0.01314
888.45	0.0131
888.5	0.01321
888.55	0.01329
888.6	0.0134
888.65	0.01351
888.7	0.01362
888.75	0.0137
888.8	0.01377
888.85	0.01388
888.9	0.01396
888.95	0.01403
889	0.01407
889.05	0.01415
889.1	0.01426
889.15	0.01433
889.2	0.01441
889.25	0.01448
889.3	0.0146
889.35	0.01471
889.4	0.01478
889.45	0.01486
889.5	0.0149
889.55	0.01497
889.6	0.01505
889.65	0.01512
889.7	0.01516
889.75	0.01523
889.8	0.01531
889.85	0.01538
889.9	0.0155
889.95	0.01561
890	0.01568
890.05	0.0158
890.1	0.01587
890.15	0.01598
890.2	0.01606
890.25	0.01617
890.3	0.01625
890.35	0.01632
890.4	0.01643
890.45	0.01655
890.5	0.01666
890.55	0.01677
890.6	0.01684
890.65	0.01696
890.7	0.01703
890.75	0.01718
890.8	0.01729
890.85	0.01737
890.9	0.01752
890.95	0.01759
891	0.01771
891.05	0.01778
891.1	0.01789
891.15	0.01801
891.2	0.01804
891.25	0.01812
891.3	0.01823
891.35	0.01831
891.4	0.01842
891.45	0.01853
891.5	0.01864
891.55	0.01868
891.6	0.01879
891.65	0.0189
891.7	0.01898
891.75	0.01905
891.8	0.01917
891.85	0.01928
891.9	0.01939
891.95	0.01954
892	0.01965
892.05	0.01977
892.1	0.01984
892.15	0.01995
892.2	0.01999
892.25	0.02003
892.3	0.0201
892.35	0.02018
892.4	0.02022
892.45	0.02029
892.5	0.0204
892.55	0.02051
892.6	0.02059
892.65	0.0207
892.7	0.02078
892.75	0.02085
892.8	0.021
892.85	0.02111
892.9	0.02119
892.95	0.02126
893	0.02138
893.05	0.02149
893.1	0.02156
893.15	0.02171
893.2	0.02183
893.25	0.0219
893.3	0.02201
893.35	0.02209
893.4	0.02213
893.45	0.02224
893.5	0.02235
893.55	0.02235
893.6	0.02239
893.65	0.02246
893.7	0.02254
893.75	0.02265
893.8	0.02276
893.85	0.02287
893.9	0.02295
893.95	0.0231
894	0.02317
894.05	0.02329
894.1	0.02332
894.15	0.02344
894.2	0.02347
894.25	0.02355
894.3	0.02362
894.35	0.0237
894.4	0.02377
894.45	0.02389
894.5	0.02396
894.55	0.02407
894.6	0.02419
894.65	0.0243
894.7	0.02441
894.75	0.02452
894.8	0.02463
894.85	0.02471
894.9	0.02482
894.95	0.02486
895	0.02493
895.05	0.02497
895.1	0.02508
895.15	0.02512
895.2	0.02516
895.25	0.02527
895.3	0.02535
895.35	0.02542
895.4	0.02553
895.45	0.02561
895.5	0.02568
895.55	0.02576
895.6	0.02583
895.65	0.02591
895.7	0.02602
895.75	0.0261
895.8	0.02621
895.85	0.02632
895.9	0.0264
895.95	0.02647
896	0.02655
896.05	0.02666
896.1	0.02673
896.15	0.02681
896.2	0.02692
896.25	0.02696
896.3	0.02715
896.35	0.02722
896.4	0.0273
896.45	0.02741
896.5	0.02752
896.55	0.02759
896.6	0.02767
896.65	0.02774
896.7	0.02771
896.75	0.02778
896.8	0.02782
896.85	0.02793
896.9	0.02801
896.95	0.02812
897	0.02816
897.05	0.02827
897.1	0.02842
897.15	0.02853
897.2	0.02864
897.25	0.02872
897.3	0.02876
897.35	0.02883
897.4	0.02894
897.45	0.02902
897.5	0.02909
897.55	0.02917
897.6	0.02921
897.65	0.02928
897.7	0.02943
897.75	0.02954
897.8	0.02962
897.85	0.02969
897.9	0.02977
897.95	0.02988
898	0.02999
898.05	0.03007
898.1	0.03014
898.15	0.03022
898.2	0.03037
898.25	0.03044
898.3	0.03059
898.35	0.03067
898.4	0.03078
898.45	0.03085
898.5	0.03093
898.55	0.031
898.6	0.03108
898.65	0.03119
898.7	0.03123
898.75	0.03134
898.8	0.03142
898.85	0.03157
898.9	0.03172
898.95	0.03183
899	0.0319
899.05	0.03198
899.1	0.03209
899.15	0.03217
899.2	0.03224
899.25	0.03235
899.3	0.03239
899.35	0.03247
899.4	0.03261
899.45	0.03269
899.5	0.0328
899.55	0.03288
899.6	0.03303
899.65	0.0331
899.7	0.03321
899.75	0.03336
899.8	0.03348
899.85	0.03355
899.9	0.03366
899.95	0.03374
900	0.03381
900.05	0.03389
900.1	0.03396
900.15	0.03404
900.2	0.03411
900.25	0.03422
900.3	0.03437
900.35	0.03449
900.4	0.03456
900.45	0.03471
900.5	0.03486
900.55	0.03501
900.6	0.0352
900.65	0.03531
900.7	0.03538
900.75	0.03546
900.8	0.03561
900.85	0.03572
900.9	0.03583
900.95	0.03591
901	0.03598
901.05	0.0361
901.1	0.03625
901.15	0.03636
901.2	0.03647
901.25	0.03658
901.3	0.03673
901.35	0.03684
901.4	0.03696
901.45	0.03711
901.5	0.03722
901.55	0.03737
901.6	0.03752
901.65	0.03763
901.7	0.03774
901.75	0.03789
901.8	0.038
901.85	0.03815
901.9	0.03834
901.95	0.03845
902	0.0386
902.05	0.03875
902.1	0.0389
902.15	0.03905
902.2	0.03916
902.25	0.03928
902.3	0.03939
902.35	0.0395
902.4	0.03957
902.45	0.03969
902.5	0.0398
902.55	0.03991
902.6	0.04002
902.65	0.04017
902.7	0.04032
902.75	0.04044
902.8	0.04062
902.85	0.04073
902.9	0.04088
902.95	0.04103
903	0.04115
903.05	0.04126
903.1	0.04141
903.15	0.04156
903.2	0.04167
903.25	0.04178
903.3	0.04193
903.35	0.04212
903.4	0.04227
903.45	0.04242
903.5	0.04253
903.55	0.04268
903.6	0.04283
903.65	0.04302
903.7	0.04313
903.75	0.0432
903.8	0.04332
903.85	0.0435
903.9	0.04369
903.95	0.0438
904	0.04395
904.05	0.04406
904.1	0.04429
904.15	0.04444
904.2	0.04459
904.25	0.0447
904.3	0.04485
904.35	0.045
904.4	0.04518
904.45	0.04537
904.5	0.04545
904.55	0.0456
904.6	0.04571
904.65	0.04586
904.7	0.04605
904.75	0.04623
904.8	0.04634
904.85	0.04653
904.9	0.04668
904.95	0.04683
905	0.04702
905.05	0.04717
905.1	0.04732
905.15	0.04747
905.2	0.04765
905.25	0.0478
905.3	0.04799
905.35	0.04818
905.4	0.04836
905.45	0.04848
905.5	0.04862
905.55	0.04881
905.6	0.04896
905.65	0.04907
905.7	0.04922
905.75	0.04937
905.8	0.04952
905.85	0.04975
905.9	0.0499
905.95	0.05001
906	0.0502
906.05	0.05034
906.1	0.05049
906.15	0.05064
906.2	0.05083
906.25	0.05102
906.3	0.0512
906.35	0.05135
906.4	0.05158
906.45	0.05173
906.5	0.05191
906.55	0.05206
906.6	0.05225
906.65	0.0524
906.7	0.05259
906.75	0.05277
906.8	0.05296
906.85	0.05319
906.9	0.05337
906.95	0.05356
907	0.05378
907.05	0.05401
907.1	0.05419
907.15	0.05438
907.2	0.05453
907.25	0.05472
907.3	0.0549
907.35	0.05517
907.4	0.05528
907.45	0.05547
907.5	0.05569
907.55	0.05595
907.6	0.05617
907.65	0.05632
907.7	0.05655
907.75	0.05677
907.8	0.05703
907.85	0.05726
907.9	0.05745
907.95	0.05763
908	0.05786
908.05	0.05812
908.1	0.05834
908.15	0.05853
908.2	0.05875
908.25	0.0589
908.3	0.05913
908.35	0.05943
908.4	0.05961
908.45	0.05984
908.5	0.06006
908.55	0.06032
908.6	0.06055
908.65	0.06081
908.7	0.06107
908.75	0.06129
908.8	0.06152
908.85	0.06178
908.9	0.06204
908.95	0.0623
909	0.06256
909.05	0.06282
909.1	0.06309
909.15	0.06339
909.2	0.06365
909.25	0.06391
909.3	0.06421
909.35	0.06451
909.4	0.06473
909.45	0.06503
909.5	0.06529
909.55	0.06551
909.6	0.06574
909.65	0.066
909.7	0.0663
909.75	0.0666
909.8	0.0669
909.85	0.06719
909.9	0.06749
909.95	0.06779
910	0.06813
910.05	0.06843
910.1	0.06873
910.15	0.06902
910.2	0.06932
910.25	0.06958
910.3	0.06985
910.35	0.07018
910.4	0.07052
910.45	0.07082
910.5	0.07119
910.55	0.07149
910.6	0.07183
910.65	0.07212
910.7	0.0725
910.75	0.07283
910.8	0.07317
910.85	0.07351
910.9	0.07384
910.95	0.07418
911	0.07451
911.05	0.07492
911.1	0.07526
911.15	0.0756
911.2	0.0759
911.25	0.07623
911.3	0.07657
911.35	0.07698
911.4	0.07735
911.45	0.07772
911.5	0.0781
911.55	0.07851
911.6	0.07892
911.65	0.07929
911.7	0.07974
911.75	0.08008
911.8	0.08045
911.85	0.08086
911.9	0.08123
911.95	0.08161
912	0.08202
912.05	0.08243
912.1	0.08284
912.15	0.08321
912.2	0.08359
912.25	0.08396
912.3	0.08433
912.35	0.08471
912.4	0.08508
912.45	0.08549
912.5	0.08583
912.55	0.08624
912.6	0.08669
912.65	0.08713
912.7	0.08758
912.75	0.08803
912.8	0.08848
912.85	0.08892
912.9	0.08941
912.95	0.08986
913	0.09023
913.05	0.0906
913.1	0.09102
913.15	0.09146
913.2	0.09195
913.25	0.0924
913.3	0.09288
913.35	0.09333
913.4	0.09385
913.45	0.09437
913.5	0.0949
913.55	0.09542
913.6	0.09591
913.65	0.09639
913.7	0.09688
913.75	0.09744
913.8	0.09792
913.85	0.09841
913.9	0.09889
913.95	0.09941
914	0.0999
914.05	0.10035
914.1	0.10087
914.15	0.10132
914.2	0.1018
914.25	0.10233
914.3	0.10285
914.35	0.10341
914.4	0.10397
914.45	0.10449
914.5	0.10501
914.55	0.10565
914.6	0.10624
914.65	0.10684
914.7	0.10744
914.75	0.108
914.8	0.10856
914.85	0.10919
914.9	0.10979
914.95	0.11039
915	0.11095
915.05	0.11151
915.1	0.11214
915.15	0.11278
915.2	0.11341
915.25	0.11401
915.3	0.11464
915.35	0.11531
915.4	0.11598
915.45	0.11662
915.5	0.11737
915.55	0.118
915.6	0.11871
915.65	0.11934
915.7	0.11998
915.75	0.12072
915.8	0.1214
915.85	0.12214
915.9	0.12281
915.95	0.12352
916	0.12419
916.05	0.12487
916.1	0.12561
916.15	0.12628
916.2	0.12703
916.25	0.12774
916.3	0.12856
916.35	0.12931
916.4	0.13005
916.45	0.13087
916.5	0.13166
916.55	0.13248
916.6	0.13323
916.65	0.13405
916.7	0.13476
916.75	0.13561
916.8	0.13643
916.85	0.13726
916.9	0.13808
916.95	0.1389
917	0.13972
917.05	0.1405
917.1	0.14132
917.15	0.14211
917.2	0.14289
917.25	0.14371
917.3	0.14453
917.35	0.14535
917.4	0.14629
917.45	0.14718
917.5	0.14808
917.55	0.14893
917.6	0.14979
917.65	0.15061
917.7	0.15155
917.75	0.1524
917.8	0.15323
917.85	0.15405
917.9	0.1549
917.95	0.15584
918	0.15677
918.05	0.1577
918.1	0.15867
918.15	0.15961
918.2	0.16054
918.25	0.16143
918.3	0.16233
918.35	0.16326
918.4	0.16416
918.45	0.16502
918.5	0.1658
918.55	0.1667
918.6	0.16755
918.65	0.16849
918.7	0.16942
918.75	0.17035
918.8	0.17121
918.85	0.17214
918.9	0.17304
918.95	0.1739
919	0.17476
919.05	0.1755
919.1	0.17632
919.15	0.17714
919.2	0.17796
919.25	0.17882
919.3	0.17953
919.35	0.18039
919.4	0.18129
919.45	0.18211
919.5	0.18293
919.55	0.18375
919.6	0.18464
919.65	0.18543
919.7	0.18632
919.75	0.18711
919.8	0.18785
919.85	0.18864
919.9	0.18935
919.95	0.19002
920	0.19076
920.05	0.19147
920.1	0.19222
920.15	0.19293
920.2	0.19364
920.25	0.19438
920.3	0.19505
920.35	0.19573
920.4	0.19632
920.45	0.197
920.5	0.19767
920.55	0.19826
920.6	0.19886
920.65	0.19953
920.7	0.20017
920.75	0.2008
920.8	0.20151
920.85	0.20211
920.9	0.20263
920.95	0.20326
921	0.20386
921.05	0.20446
921.1	0.20498
921.15	0.2055
921.2	0.20591
921.25	0.20636
921.3	0.20692
921.35	0.20737
921.4	0.20789
921.45	0.20827
921.5	0.20871
921.55	0.2092
921.6	0.20965
921.65	0.21013
921.7	0.21051
921.75	0.21092
921.8	0.21125
921.85	0.21174
921.9	0.21204
921.95	0.21237
922	0.21271
922.05	0.21297
922.1	0.21331
922.15	0.21353
922.2	0.21387
922.25	0.21417
922.3	0.21443
922.35	0.21465
922.4	0.21502
922.45	0.21536
922.5	0.21558
922.55	0.21581
922.6	0.21603
922.65	0.21633
922.7	0.21656
922.75	0.21674
922.8	0.21689
922.85	0.21708
922.9	0.21719
922.95	0.2173
923	0.21745
923.05	0.21749
923.1	0.21757
923.15	0.21764
923.2	0.21779
923.25	0.21783
923.3	0.21798
923.35	0.21809
923.4	0.21813
923.45	0.21824
923.5	0.21835
923.55	0.21835
923.6	0.21839
923.65	0.2185
923.7	0.21835
923.75	0.21832
923.8	0.21828
923.85	0.21817
923.9	0.21806
923.95	0.21813
924	0.21806
924.05	0.21791
924.1	0.21795
924.15	0.21791
924.2	0.21776
924.25	0.2178
924.3	0.21772
924.35	0.21758
924.4	0.21754
924.45	0.2175
924.5	0.21747
924.55	0.21739
924.6	0.21739
924.65	0.21724
924.7	0.21717
924.75	0.21709
924.8	0.21687
924.85	0.21668
924.9	0.21657
924.95	0.21639
925	0.21624
925.05	0.21613
925.1	0.21605
925.15	0.21583
925.2	0.21568
925.25	0.21553
925.3	0.21538
925.35	0.21527
925.4	0.21509
925.45	0.21497
925.5	0.21486
925.55	0.21483
925.6	0.21471
925.65	0.21456
925.7	0.21445
925.75	0.2143
925.8	0.21423
925.85	0.21401
925.9	0.21378
925.95	0.2136
926	0.21345
926.05	0.21323
926.1	0.21304
926.15	0.21282
926.2	0.21263
926.25	0.21244
926.3	0.21226
926.35	0.21207
926.4	0.21189
926.45	0.21174
926.5	0.21162
926.55	0.2114
926.6	0.21122
926.65	0.21103
926.7	0.21088
926.75	0.21073
926.8	0.21055
926.85	0.2104
926.9	0.21017
926.95	0.21006
927	0.20984
927.05	0.20958
927.1	0.20939
927.15	0.20917
927.2	0.20887
927.25	0.20865
927.3	0.20839
927.35	0.20813
927.4	0.2079
927.45	0.20768
927.5	0.20746
927.55	0.20716
927.6	0.20697
927.65	0.20667
927.7	0.20649
927.75	0.20626
927.8	0.20597
927.85	0.20571
927.9	0.20548
927.95	0.20533
928	0.20503
928.05	0.20485
928.1	0.20455
928.15	0.20425
928.2	0.20399
928.25	0.20369
928.3	0.2034
928.35	0.20295
928.4	0.20269
928.45	0.20235
928.5	0.20206
928.55	0.20179
928.6	0.20153
928.65	0.20124
928.7	0.20105
928.75	0.20079
928.8	0.20049
928.85	0.20019
928.9	0.19986
928.95	0.19956
929	0.1993
929.05	0.199
929.1	0.19859
929.15	0.19837
929.2	0.19803
929.25	0.19781
929.3	0.19755
929.35	0.19729
929.4	0.19695
929.45	0.19662
929.5	0.19636
929.55	0.19602
929.6	0.1958
929.65	0.19535
929.7	0.19505
929.75	0.19468
929.8	0.19434
929.85	0.19405
929.9	0.19375
929.95	0.19345
930	0.19304
930.05	0.19289
930.1	0.19259
930.15	0.19233
930.2	0.19207
930.25	0.19174
930.3	0.19148
930.35	0.19118
930.4	0.19092
930.45	0.19062
930.5	0.19028
930.55	0.18999
930.6	0.18965
930.65	0.18939
930.7	0.18909
930.75	0.18879
930.8	0.1885
930.85	0.18812
930.9	0.18783
930.95	0.18757
931	0.18727
931.05	0.18701
931.1	0.18671
931.15	0.18641
931.2	0.18611
931.25	0.18593
931.3	0.18563
931.35	0.18533
931.4	0.18503
931.45	0.18473
931.5	0.18444
931.55	0.18414
931.6	0.18384
931.65	0.18351
931.7	0.18321
931.75	0.18295
931.8	0.18265
931.85	0.18239
931.9	0.18213
931.95	0.18187
932	0.18161
932.05	0.18142
932.1	0.1812
932.15	0.18094
932.2	0.18064
932.25	0.18034
932.3	0.18004
932.35	0.17982
932.4	0.17952
932.45	0.17919
932.5	0.17885
932.55	0.17855
932.6	0.17833
932.65	0.17807
932.7	0.17784
932.75	0.17755
932.8	0.17732
932.85	0.1771
932.9	0.17691
932.95	0.17673
933	0.17647
933.05	0.17624
933.1	0.17606
933.15	0.1758
933.2	0.17557
933.25	0.17539
933.3	0.1752
933.35	0.17494
933.4	0.17475
933.45	0.17457
933.5	0.17434
933.55	0.17416
933.6	0.17394
933.65	0.17367
933.7	0.17341
933.75	0.17319
933.8	0.17297
933.85	0.17274
933.9	0.17245
933.95	0.17222
934	0.17204
934.05	0.17185
934.1	0.17166
934.15	0.17144
934.2	0.17122
934.25	0.17103
934.3	0.17084
934.35	0.17073
934.4	0.17055
934.45	0.17036
934.5	0.1701
934.55	0.16991
934.6	0.16973
934.65	0.16954
934.7	0.16939
934.75	0.1691
934.8	0.16883
934.85	0.16876
934.9	0.16857
934.95	0.16843
935	0.16831
935.05	0.16809
935.1	0.16794
935.15	0.16776
935.2	0.16761
935.25	0.16738
935.3	0.16723
935.35	0.16701
935.4	0.16683
935.45	0.16668
935.5	0.16649
935.55	0.16634
935.6	0.16623
935.65	0.16608
935.7	0.16593
935.75	0.16578
935.8	0.16567
935.85	0.16545
935.9	0.1653
935.95	0.16515
936	0.16493
936.05	0.16482
936.1	0.16463
936.15	0.16448
936.2	0.16426
936.25	0.16415
936.3	0.16396
936.35	0.16377
936.4	0.16363
936.45	0.16348
936.5	0.16333
936.55	0.1631
936.6	0.16299
936.65	0.16284
936.7	0.1627
936.75	0.16258
936.8	0.16244
936.85	0.16232
936.9	0.16217
936.95	0.1621
937	0.16195
937.05	0.16177
937.1	0.16162
937.15	0.16143
937.2	0.16128
937.25	0.1611
937.3	0.16098
937.35	0.1608
937.4	0.16069
937.45	0.16058
937.5	0.16043
937.55	0.16031
937.6	0.16017
937.65	0.16002
937.7	0.15991
937.75	0.15979
937.8	0.15965
937.85	0.1595
937.9	0.15939
937.95	0.15931
938	0.15924
938.05	0.1592
938.1	0.15905
938.15	0.15894
938.2	0.15887
938.25	0.15872
938.3	0.15861
938.35	0.15849
938.4	0.15834
938.45	0.15831
938.5	0.15823
938.55	0.1582
938.6	0.15809
938.65	0.15812
938.7	0.15809
938.75	0.15805
938.8	0.15801
938.85	0.15798
938.9	0.1579
938.95	0.15786
939	0.15786
939.05	0.15779
939.1	0.15772
939.15	0.15768
939.2	0.15764
939.25	0.15764
939.3	0.15761
939.35	0.15761
939.4	0.15761
939.45	0.15757
939.5	0.15761
939.55	0.15761
939.6	0.15761
939.65	0.15765
939.7	0.15768
939.75	0.15772
939.8	0.15776
939.85	0.1578
939.9	0.15783
939.95	0.15787
940	0.15795
940.05	0.15798
940.1	0.15806
940.15	0.1581
940.2	0.15817
940.25	0.15825
940.3	0.15832
940.35	0.15836
940.4	0.1584
940.45	0.15847
940.5	0.15855
940.55	0.15862
940.6	0.1587
940.65	0.15881
940.7	0.15892
940.75	0.15903
940.8	0.15915
940.85	0.15926
940.9	0.15933
940.95	0.15937
941	0.15948
941.05	0.1596
941.1	0.15967
941.15	0.15975
941.2	0.1599
941.25	0.15997
941.3	0.16005
941.35	0.16019
941.4	0.16031
941.45	0.16038
941.5	0.16046
941.55	0.16057
941.6	0.16061
941.65	0.16076
941.7	0.16087
941.75	0.16098
941.8	0.16106
941.85	0.16121
941.9	0.16132
941.95	0.16143
942	0.16158
942.05	0.16169
942.1	0.16177
942.15	0.16188
942.2	0.16207
942.25	0.16214
942.3	0.16229
942.35	0.1624
942.4	0.16248
942.45	0.16263
942.5	0.16278
942.55	0.16293
942.6	0.16296
942.65	0.16311
942.7	0.16323
942.75	0.16334
942.8	0.16345
942.85	0.16353
942.9	0.16364
942.95	0.16375
943	0.16386
943.05	0.16401
943.1	0.16412
943.15	0.16424
943.2	0.16439
943.25	0.1645
943.3	0.16465
943.35	0.16469
943.4	0.16484
943.45	0.16495
943.5	0.16506
943.55	0.16521
943.6	0.16528
943.65	0.16543
943.7	0.16555
943.75	0.16566
943.8	0.16573
943.85	0.16585
943.9	0.16592
943.95	0.16603
944	0.16607
944.05	0.16622
944.1	0.16633
944.15	0.16645
944.2	0.16652
944.25	0.16671
944.3	0.16682
944.35	0.16693
944.4	0.16704
944.45	0.16712
944.5	0.16719
944.55	0.16731
944.6	0.16742
944.65	0.16746
944.7	0.16753
944.75	0.16761
944.8	0.16772
944.85	0.16779
944.9	0.16787
944.95	0.16798
945	0.16802
945.05	0.16806
945.1	0.16817
945.15	0.16824
945.2	0.16836
945.25	0.16843
945.3	0.16854
945.35	0.16862
945.4	0.16866
945.45	0.16873
945.5	0.16881
945.55	0.16881
945.6	0.16884
945.65	0.16888
945.7	0.16892
945.75	0.16892
945.8	0.16892
945.85	0.16899
945.9	0.16899
945.95	0.16907
946	0.16907
946.05	0.16907
946.1	0.16903
946.15	0.16903
946.2	0.16903
946.25	0.16903
946.3	0.16904
946.35	0.169
946.4	0.169
946.45	0.169
946.5	0.16896
946.55	0.169
946.6	0.16896
946.65	0.16896
946.7	0.16893
946.75	0.16889
946.8	0.16885
946.85	0.16878
946.9	0.16878
946.95	0.16874
947	0.1687
947.05	0.16867
947.1	0.16867
947.15	0.16863
947.2	0.16859
947.25	0.16856
947.3	0.16852
947.35	0.16848
947.4	0.16841
947.45	0.16834
947.5	0.16826
947.55	0.16826
947.6	0.16822
947.65	0.16819
947.7	0.16815
947.75	0.16808
947.8	0.16804
947.85	0.16804
947.9	0.16797
947.95	0.16789
948	0.16782
948.05	0.16782
948.1	0.16782
948.15	0.16774
948.2	0.16778
948.25	0.16778
948.3	0.16778
948.35	0.16778
948.4	0.16778
948.45	0.16778
948.5	0.16775
948.55	0.16775
948.6	0.16775
948.65	0.16775
948.7	0.16771
948.75	0.16771
948.8	0.16771
948.85	0.16771
948.9	0.16771
948.95	0.16771
949	0.16775
949.05	0.16771
949.1	0.16775
949.15	0.16775
949.2	0.16779
949.25	0.16779
949.3	0.16779
949.35	0.16783
949.4	0.16783
949.45	0.16783
949.5	0.16787
949.55	0.1679
949.6	0.16794
949.65	0.16798
949.7	0.16805
949.75	0.16809
949.8	0.16813
949.85	0.16813
949.9	0.16813
949.95	0.16817
950	0.16821
950.05	0.16828
950.1	0.16832
950.15	0.16839
950.2	0.16847
950.25	0.16851
950.3	0.16862
950.35	0.16862
950.4	0.16866
950.45	0.16869
950.5	0.16869
950.55	0.16873
950.6	0.16877
950.65	0.16888
950.7	0.16888
950.75	0.16896
950.8	0.16907
950.85	0.16911
950.9	0.16922
950.95	0.16929
951	0.16941
951.05	0.16952
951.1	0.16959
951.15	0.16971
951.2	0.16978
951.25	0.16989
951.3	0.16993
951.35	0.16997
951.4	0.17008
951.45	0.17016
951.5	0.17031
951.55	0.17038
951.6	0.17049
951.65	0.17057
951.7	0.17072
951.75	0.17079
951.8	0.17083
951.85	0.17091
951.9	0.17102
951.95	0.17106
952	0.17117
952.05	0.17128
952.1	0.17139
952.15	0.1715
952.2	0.17165
952.25	0.17177
952.3	0.1718
952.35	0.17188
952.4	0.17203
952.45	0.17218
952.5	0.17229
952.55	0.17244
952.6	0.17263
952.65	0.1727
952.7	0.17289
952.75	0.17308
952.8	0.17326
952.85	0.17341
952.9	0.17352
952.95	0.1736
953	0.17371
953.05	0.17386
953.1	0.17397
953.15	0.17412
953.2	0.1742
953.25	0.17431
953.3	0.17442
953.35	0.17457
953.4	0.17468
953.45	0.17483
953.5	0.17502
953.55	0.17513
953.6	0.17528
953.65	0.17547
953.7	0.17566
953.75	0.17577
953.8	0.17596
953.85	0.17611
953.9	0.17625
953.95	0.17644
954	0.17659
954.05	0.17678
954.1	0.17689
954.15	0.17708
954.2	0.17723
954.25	0.17738
954.3	0.17749
954.35	0.17756
954.4	0.17768
954.45	0.17779
954.5	0.17805
954.55	0.1782
954.6	0.17835
954.65	0.1785
954.7	0.17865
954.75	0.17887
954.8	0.17902
954.85	0.17925
954.9	0.17928
954.95	0.17947
955	0.17958
955.05	0.17977
955.1	0.17996
955.15	0.18014
955.2	0.18033
955.25	0.18044
955.3	0.18059
955.35	0.18074
955.4	0.18093
955.45	0.18108
955.5	0.18123
955.55	0.18138
955.6	0.18156
955.65	0.18179
955.7	0.18201
955.75	0.18216
955.8	0.18239
955.85	0.18254
955.9	0.1828
955.95	0.18295
956	0.18313
956.05	0.18328
956.1	0.18343
956.15	0.18362
956.2	0.18381
956.25	0.18407
956.3	0.18418
956.35	0.1844
956.4	0.18455
956.45	0.1847
956.5	0.18489
956.55	0.18504
956.6	0.18519
956.65	0.18534
956.7	0.18553
956.75	0.18571
956.8	0.18586
956.85	0.18601
956.9	0.18624
956.95	0.18642
957	0.18657
957.05	0.18672
957.1	0.18687
957.15	0.18702
957.2	0.18721
957.25	0.18743
957.3	0.18758
957.35	0.18777
957.4	0.18796
957.45	0.18814
957.5	0.18837
957.55	0.18859
957.6	0.18882
957.65	0.18893
957.7	0.18915
957.75	0.1893
957.8	0.18953
957.85	0.18967
957.9	0.18982
957.95	0.18997
958	0.19016
958.05	0.19035
958.1	0.19053
958.15	0.19076
958.2	0.19095
958.25	0.19113
958.3	0.19139
958.35	0.19154
958.4	0.19173
958.45	0.19192
958.5	0.19214
958.55	0.19229
958.6	0.19252
958.65	0.1927
958.7	0.19289
958.75	0.19319
958.8	0.19337
958.85	0.19356
958.9	0.19379
958.95	0.19401
959	0.19423
959.05	0.19442
959.1	0.19464
959.15	0.19479
959.2	0.19506
959.25	0.19528
959.3	0.1955
959.35	0.19573
959.4	0.19603
959.45	0.19629
959.5	0.19648
959.55	0.19677
959.6	0.19704
959.65	0.1973
959.7	0.19752
959.75	0.19778
959.8	0.19801
959.85	0.19819
959.9	0.19846
959.95	0.19868
960	0.19894
960.05	0.19928
960.1	0.19954
960.15	0.19976
960.2	0.20002
960.25	0.2004
960.3	0.20066
960.35	0.20092
960.4	0.20118
960.45	0.20144
960.5	0.2017
960.55	0.202
960.6	0.20234
960.65	0.20268
960.7	0.20301
960.75	0.20335
960.8	0.20365
960.85	0.20398
960.9	0.20436
960.95	0.20469
961	0.20495
961.05	0.20533
961.1	0.20566
961.15	0.206
961.2	0.20637
961.25	0.20675
961.3	0.20712
961.35	0.20749
961.4	0.2079
961.45	0.20828
961.5	0.20865
961.55	0.20902
961.6	0.20943
961.65	0.20984
961.7	0.21022
961.75	0.21059
961.8	0.21096
961.85	0.21134
961.9	0.21171
961.95	0.21205
962	0.21238
962.05	0.21276
962.1	0.21317
962.15	0.21358
962.2	0.21399
962.25	0.21444
962.3	0.21488
962.35	0.2153
962.4	0.21578
962.45	0.21623
962.5	0.2166
962.55	0.21709
962.6	0.21757
962.65	0.21809
962.7	0.21854
962.75	0.21907
962.8	0.21951
962.85	0.22007
962.9	0.22063
962.95	0.22112
963	0.22164
963.05	0.22205
963.1	0.22257
963.15	0.2231
963.2	0.22369
963.25	0.22422
963.3	0.22466
963.35	0.22526
963.4	0.22586
963.45	0.22646
963.5	0.22705
963.55	0.22765
963.6	0.22828
963.65	0.22896
963.7	0.22974
963.75	0.23049
963.8	0.23131
963.85	0.23205
963.9	0.23284
963.95	0.23358
964	0.23448
964.05	0.23541
964.1	0.23631
964.15	0.23713
964.2	0.23817
964.25	0.23925
964.3	0.24026
964.35	0.24138
964.4	0.24261
964.45	0.24388
964.5	0.24515
964.55	0.24631
964.6	0.24765
964.65	0.24899
964.7	0.25041
964.75	0.25183
964.8	0.25339
964.85	0.25492
964.9	0.25645
964.95	0.25828
965	0.25992
965.05	0.26156
965.1	0.26321
965.15	0.26474
965.2	0.26619
965.25	0.26776
965.3	0.26929
965.35	0.27067
965.4	0.27212
965.45	0.27354
965.5	0.27499
965.55	0.27637
965.6	0.27768
965.65	0.27884
965.7	0.27999
965.75	0.28126
965.8	0.28216
965.85	0.28302
965.9	0.28384
965.95	0.28473
966	0.28518
966.05	0.28563
966.1	0.28615
966.15	0.28641
966.2	0.28652
966.25	0.28653
966.3	0.28671
966.35	0.28671
966.4	0.28638
966.45	0.28612
966.5	0.28578
966.55	0.28548
966.6	0.28496
966.65	0.28463
966.7	0.28407
966.75	0.28362
966.8	0.2831
966.85	0.2825
966.9	0.28194
966.95	0.28138
967	0.28075
967.05	0.28012
967.1	0.27956
967.15	0.27896
967.2	0.2784
967.25	0.27784
967.3	0.27728
967.35	0.27684
967.4	0.27646
967.45	0.27609
967.5	0.27572
967.55	0.27531
967.6	0.27509
967.65	0.27486
967.7	0.27453
967.75	0.27434
967.8	0.27423
967.85	0.27412
967.9	0.27397
967.95	0.27386
968	0.27378
968.05	0.27378
968.1	0.27382
968.15	0.27371
968.2	0.27367
968.25	0.27367
968.3	0.27375
968.35	0.27382
968.4	0.27405
968.45	0.27431
968.5	0.27446
968.55	0.27465
968.6	0.27487
968.65	0.27502
968.7	0.27528
968.75	0.27547
968.8	0.2755
968.85	0.27577
968.9	0.27599
968.95	0.27618
969	0.27655
969.05	0.27681
969.1	0.27711
969.15	0.27741
969.2	0.27786
969.25	0.27812
969.3	0.27831
969.35	0.2786
969.4	0.27883
969.45	0.2792
969.5	0.27946
969.55	0.27976
969.6	0.2801
969.65	0.2804
969.7	0.28081
969.75	0.28118
969.8	0.28152
969.85	0.28182
969.9	0.28211
969.95	0.28245
970	0.28271
970.05	0.28297
970.1	0.28324
970.15	0.28365
970.2	0.28398
970.25	0.28439
970.3	0.28473
970.35	0.28503
970.4	0.2854
970.45	0.28589
970.5	0.28622
970.55	0.28648
970.6	0.28686
970.65	0.28716
970.7	0.28764
970.75	0.28801
970.8	0.28828
970.85	0.28865
970.9	0.28899
970.95	0.28947
971	0.28984
971.05	0.29022
971.1	0.29052
971.15	0.29089
971.2	0.2913
971.25	0.29167
971.3	0.29208
971.35	0.29246
971.4	0.29287
971.45	0.29328
971.5	0.29365
971.55	0.29403
971.6	0.29447
971.65	0.29492
971.7	0.29526
971.75	0.29567
971.8	0.29608
971.85	0.29653
971.9	0.29697
971.95	0.29746
972	0.29798
972.05	0.29847
972.1	0.29895
972.15	0.29951
972.2	0.30007
972.25	0.30063
972.3	0.30112
972.35	0.3016
972.4	0.3022
972.45	0.30269
972.5	0.30321
972.55	0.30362
972.6	0.30418
972.65	0.30463
972.7	0.30522
972.75	0.30582
972.8	0.30634
972.85	0.30694
972.9	0.3075
972.95	0.3081
973	0.30866
973.05	0.30933
973.1	0.30996
973.15	0.31049
973.2	0.31116
973.25	0.31179
973.3	0.3125
973.35	0.31321
973.4	0.31384
973.45	0.31448
973.5	0.31511
973.55	0.3159
973.6	0.31657
973.65	0.31728
973.7	0.31799
973.75	0.31873
973.8	0.31955
973.85	0.32034
973.9	0.32116
973.95	0.32194
974	0.3228
974.05	0.32366
974.1	0.32463
974.15	0.32556
974.2	0.32661
974.25	0.32754
974.3	0.32858
974.35	0.32959
974.4	0.33082
974.45	0.3319
974.5	0.33287
974.55	0.33392
974.6	0.335
974.65	0.33619
974.7	0.33728
974.75	0.33825
974.8	0.33937
974.85	0.34052
974.9	0.34168
974.95	0.34276
975	0.34399
975.05	0.34526
975.1	0.3466
975.15	0.34784
975.2	0.34925
975.25	0.3506
975.3	0.35194
975.35	0.35328
975.4	0.3547
975.45	0.35615
975.5	0.35757
975.55	0.35903
975.6	0.36052
975.65	0.3622
975.7	0.3638
975.75	0.36544
975.8	0.36709
975.85	0.36865
975.9	0.37018
975.95	0.37186
976	0.3735
976.05	0.37518
976.1	0.37686
976.15	0.37865
976.2	0.3804
976.25	0.38227
976.3	0.38413
976.35	0.38581
976.4	0.3876
976.45	0.38936
976.5	0.39107
976.55	0.39279
976.6	0.3948
976.65	0.39671
976.7	0.39831
976.75	0.40062
976.8	0.40264
976.85	0.40465
976.9	0.40674
976.95	0.40861
977	0.41066
977.05	0.41271
977.1	0.41498
977.15	0.41689
977.2	0.41913
977.25	0.42103
977.3	0.42289
977.35	0.42506
977.4	0.42711
977.45	0.42894
977.5	0.43095
977.55	0.43285
977.6	0.43487
977.65	0.43692
977.7	0.43897
977.75	0.44102
977.8	0.44293
977.85	0.44501
977.9	0.44699
977.95	0.44912
978	0.45087
978.05	0.45303
978.1	0.45535
978.15	0.45729
978.2	0.45953
978.25	0.46147
978.3	0.46337
978.35	0.46508
978.4	0.46699
978.45	0.4687
978.5	0.47016
978.55	0.47195
978.6	0.47333
978.65	0.47486
978.7	0.47654
978.75	0.4781
978.8	0.47967
978.85	0.48109
978.9	0.48273
978.95	0.48415
979	0.48534
979.05	0.48672
979.1	0.48818
979.15	0.48948
979.2	0.49053
979.25	0.4918
979.3	0.49303
979.35	0.49403
979.4	0.49515
979.45	0.49624
979.5	0.49709
979.55	0.4981
979.6	0.4987
979.65	0.49956
979.7	0.50004
979.75	0.50079
979.8	0.50109
979.85	0.50139
979.9	0.50161
979.95	0.50217
980	0.50254
980.05	0.50236
980.1	0.50247
980.15	0.50262
980.2	0.50228
980.25	0.50221
980.3	0.50206
980.35	0.50173
980.4	0.50087
980.45	0.50035
980.5	0.49975
980.55	0.49904
980.6	0.49844
980.65	0.49755
980.7	0.49669
980.75	0.49584
980.8	0.49487
980.85	0.49393
980.9	0.49308
980.95	0.49196
981	0.4905
981.05	0.48883
981.1	0.48756
981.15	0.48607
981.2	0.48439
981.25	0.4826
981.3	0.48055
981.35	0.47887
981.4	0.47701
981.45	0.4754
981.5	0.47365
981.55	0.47178
981.6	0.46944
981.65	0.46735
981.7	0.46567
981.75	0.46354
981.8	0.46149
981.85	0.45899
981.9	0.45657
981.95	0.45426
982	0.45213
982.05	0.44982
982.1	0.44699
982.15	0.44464
982.2	0.44214
982.25	0.43975
982.3	0.43729
982.35	0.43479
982.4	0.43207
982.45	0.42953
982.5	0.42737
982.55	0.42487
982.6	0.4223
982.65	0.41999
982.7	0.41764
982.75	0.41521
982.8	0.41283
982.85	0.41022
982.9	0.40776
982.95	0.40526
983	0.4028
983.05	0.40022
983.1	0.39765
983.15	0.39515
983.2	0.39269
983.25	0.39034
983.3	0.38762
983.35	0.38523
983.4	0.38292
983.45	0.38057
983.5	0.37822
983.55	0.37595
983.6	0.37371
983.65	0.37125
983.7	0.36916
983.75	0.36681
983.8	0.3645
983.85	0.36219
983.9	0.35991
983.95	0.3576
984	0.35544
984.05	0.35357
984.1	0.35134
984.15	0.34921
984.2	0.34735
984.25	0.34544
984.3	0.34358
984.35	0.34157
984.4	0.3397
984.45	0.33776
984.5	0.33593
984.55	0.334
984.6	0.33221
984.65	0.33038
984.7	0.32863
984.75	0.32702
984.8	0.32527
984.85	0.32359
984.9	0.32203
984.95	0.32035
985	0.31878
985.05	0.31714
985.1	0.31554
985.15	0.31397
985.2	0.31252
985.25	0.31095
985.3	0.30939
985.35	0.30812
985.4	0.30666
985.45	0.30521
985.5	0.30387
985.55	0.30234
985.6	0.30103
985.65	0.29962
985.7	0.29827
985.75	0.29686
985.8	0.29559
985.85	0.29425
985.9	0.2929
985.95	0.29167
986	0.29037
986.05	0.28921
986.1	0.28798
986.15	0.28664
986.2	0.28552
986.25	0.28433
986.3	0.2831
986.35	0.28194
986.4	0.28079
986.45	0.27956
986.5	0.27836
986.55	0.27728
986.6	0.27609
986.65	0.27501
986.7	0.27385
986.75	0.27262
986.8	0.27154
986.85	0.2705
986.9	0.26949
986.95	0.26841
987	0.26729
987.05	0.26621
987.1	0.26513
987.15	0.26416
987.2	0.26308
987.25	0.26207
987.3	0.26103
987.35	0.25991
987.4	0.25894
987.45	0.2579
987.5	0.25696
987.55	0.25596
987.6	0.25502
987.65	0.25402
987.7	0.25301
987.75	0.25212
987.8	0.25122
987.85	0.25033
987.9	0.24936
987.95	0.24835
988	0.24742
988.05	0.24652
988.1	0.24567
988.15	0.2447
988.2	0.24377
988.25	0.24283
988.3	0.2419
988.35	0.24108
988.4	0.24019
988.45	0.23933
988.5	0.2384
988.55	0.23754
988.6	0.23664
988.65	0.23575
988.7	0.23486
988.75	0.23385
988.8	0.23299
988.85	0.2321
988.9	0.2312
988.95	0.23038
989	0.22949
989.05	0.22867
989.1	0.22781
989.15	0.2271
989.2	0.22628
989.25	0.22546
989.3	0.2246
989.35	0.22363
989.4	0.22281
989.45	0.22199
989.5	0.22121
989.55	0.22032
989.6	0.21946
989.65	0.2186
989.7	0.21774
989.75	0.217
989.8	0.21622
989.85	0.2154
989.9	0.21454
989.95	0.21379
990	0.2129
990.05	0.21215
990.1	0.21133
990.15	0.21044
990.2	0.20958
990.25	0.20868
990.3	0.20783
990.35	0.20693
990.4	0.20611
990.45	0.20522
990.5	0.20432
990.55	0.2035
990.6	0.20261
990.65	0.20179
990.7	0.20097
990.75	0.20015
990.8	0.19933
990.85	0.19847
990.9	0.19769
990.95	0.19687
991	0.19605
991.05	0.19515
991.1	0.19433
991.15	0.1934
991.2	0.19251
991.25	0.19165
991.3	0.19079
991.35	0.18997
991.4	0.18908
991.45	0.18826
991.5	0.1874
991.55	0.18654
991.6	0.18568
991.65	0.18475
991.7	0.18382
991.75	0.18281
991.8	0.18199
991.85	0.18106
991.9	0.18017
991.95	0.17931
992	0.17845
992.05	0.17759
992.1	0.1767
992.15	0.17588
992.2	0.17495
992.25	0.17405
992.3	0.17319
992.35	0.17219
992.4	0.17133
992.45	0.17044
992.5	0.16961
992.55	0.16876
992.6	0.16794
992.65	0.16704
992.7	0.16619
992.75	0.16536
992.8	0.16451
992.85	0.16372
992.9	0.16287
992.95	0.16197
993	0.16112
993.05	0.16033
993.1	0.15951
993.15	0.15869
993.2	0.15791
993.25	0.15705
993.3	0.15623
993.35	0.15541
993.4	0.15459
993.45	0.15377
993.5	0.15299
993.55	0.15217
993.6	0.15135
993.65	0.15057
993.7	0.14978
993.75	0.14904
993.8	0.14825
993.85	0.14747
993.9	0.14669
993.95	0.14587
994	0.14509
994.05	0.14438
994.1	0.14359
994.15	0.14292
994.2	0.14225
994.25	0.14151
994.3	0.14076
994.35	0.14005
994.4	0.13938
994.45	0.13864
994.5	0.13793
994.55	0.13715
994.6	0.13644
994.65	0.13577
994.7	0.13506
994.75	0.13439
994.8	0.13368
994.85	0.13304
994.9	0.13234
994.95	0.13163
995	0.13096
995.05	0.13025
995.1	0.12958
995.15	0.12891
995.2	0.12824
995.25	0.1276
995.3	0.12697
995.35	0.12637
995.4	0.12578
995.45	0.12522
995.5	0.12462
995.55	0.12406
995.6	0.12347
995.65	0.12291
995.7	0.12231
995.75	0.12171
995.8	0.12115
995.85	0.12056
995.9	0.11996
995.95	0.1194
996	0.11884
996.05	0.11828
996.1	0.11773
996.15	0.11713
996.2	0.11661
996.25	0.11601
996.3	0.11553
996.35	0.115
996.4	0.11445
996.45	0.11389
996.5	0.11333
996.55	0.11281
996.6	0.11228
996.65	0.1118
996.7	0.11128
996.75	0.11076
996.8	0.11027
996.85	0.10979
996.9	0.10934
996.95	0.10886
997	0.10833
997.05	0.10785
997.1	0.10736
997.15	0.10688
997.2	0.1064
997.25	0.10599
997.3	0.1055
997.35	0.10498
997.4	0.10457
997.45	0.10412
997.5	0.10364
997.55	0.10319
997.6	0.10278
997.65	0.10233
997.7	0.10189
997.75	0.10148
997.8	0.10103
997.85	0.10062
997.9	0.10017
997.95	0.09976
998	0.09935
998.05	0.09898
998.1	0.09853
998.15	0.09812
998.2	0.09771
998.25	0.09734
998.3	0.09693
998.35	0.09648
998.4	0.09604
998.45	0.09566
998.5	0.09525
998.55	0.09488
998.6	0.09447
998.65	0.0941
998.7	0.09369
998.75	0.09332
998.8	0.09294
998.85	0.09257
998.9	0.0922
998.95	0.09179
999	0.09142
999.05	0.09101
999.1	0.09063
999.15	0.0903
999.2	0.08993
999.25	0.08955
999.3	0.08918
999.35	0.08885
999.4	0.08847
999.45	0.08814
999.5	0.0878
999.55	0.08747
999.6	0.08709
999.65	0.08676
999.7	0.08642
999.75	0.08613
999.8	0.08579
999.85	0.08546
999.9	0.08516
999.95	0.08482
1000	0.08449
1000.05	0.08415
1000.1	0.08385
1000.15	0.08352
1000.2	0.08318
1000.25	0.08285
1000.3	0.08251
1000.35	0.08221
1000.4	0.08188
1000.45	0.08154
1000.5	0.08125
1000.55	0.08091
1000.6	0.08061
1000.65	0.08031
1000.7	0.08005
1000.75	0.07979
1000.8	0.07949
1000.85	0.07923
1000.9	0.07894
1000.95	0.07868
1001	0.07838
1001.05	0.07808
1001.1	0.07778
1001.15	0.07745
1001.2	0.07719
1001.25	0.07689
1001.3	0.07663
1001.35	0.07633
1001.4	0.07611
1001.45	0.07581
1001.5	0.07555
1001.55	0.07529
1001.6	0.07503
1001.65	0.0748
1001.7	0.07454
1001.75	0.07424
1001.8	0.07402
1001.85	0.07372
1001.9	0.0735
1001.95	0.07324
1002	0.07301
1002.05	0.07275
1002.1	0.07253
1002.15	0.07231
1002.2	0.07201
1002.25	0.07182
1002.3	0.0716
1002.35	0.07141
1002.4	0.07115
1002.45	0.07093
1002.5	0.07071
1002.55	0.07048
1002.6	0.0703
1002.65	0.07004
1002.7	0.06981
1002.75	0.06959
1002.8	0.06937
1002.85	0.06918
1002.9	0.06896
1002.95	0.06873
1003	0.06851
1003.05	0.06832
1003.1	0.0681
1003.15	0.06791
1003.2	0.06773
1003.25	0.06754
1003.3	0.06732
1003.35	0.06717
1003.4	0.06695
1003.45	0.06676
1003.5	0.06657
1003.55	0.06642
1003.6	0.0662
1003.65	0.06602
1003.7	0.06583
1003.75	0.06564
1003.8	0.06546
1003.85	0.06527
1003.9	0.06508
1003.95	0.06486
1004	0.06471
1004.05	0.06449
1004.1	0.06434
1004.15	0.06419
1004.2	0.06397
1004.25	0.06382
1004.3	0.06363
1004.35	0.06348
1004.4	0.0633
1004.45	0.06315
1004.5	0.063
1004.55	0.06281
1004.6	0.06267
1004.65	0.06252
1004.7	0.06233
1004.75	0.06218
1004.8	0.06203
1004.85	0.06185
1004.9	0.0617
1004.95	0.06155
1005	0.0614
1005.05	0.06125
1005.1	0.0611
1005.15	0.06095
1005.2	0.06077
1005.25	0.06066
1005.3	0.06051
1005.35	0.06036
1005.4	0.06021
1005.45	0.06006
1005.5	0.05995
1005.55	0.05976
1005.6	0.05965
1005.65	0.0595
1005.7	0.05935
1005.75	0.05921
1005.8	0.05909
1005.85	0.05898
1005.9	0.05883
1005.95	0.05869
1006	0.05854
1006.05	0.05843
1006.1	0.05828
1006.15	0.05813
1006.2	0.05802
1006.25	0.05783
1006.3	0.05776
1006.35	0.05761
1006.4	0.0575
1006.45	0.05738
1006.5	0.05724
1006.55	0.05712
1006.6	0.05697
1006.65	0.0569
1006.7	0.05675
1006.75	0.05664
1006.8	0.05649
1006.85	0.05638
1006.9	0.05623
1006.95	0.05612
1007	0.05605
1007.05	0.0559
1007.1	0.05579
1007.15	0.05567
1007.2	0.05556
1007.25	0.05545
1007.3	0.05534
1007.35	0.05523
1007.4	0.05512
1007.45	0.055
1007.5	0.05489
1007.55	0.05482
1007.6	0.05471
1007.65	0.0546
1007.7	0.05448
1007.75	0.05437
1007.8	0.05422
1007.85	0.05411
1007.9	0.054
1007.95	0.05385
1008	0.05378
1008.05	0.05367
1008.1	0.05359
1008.15	0.05348
1008.2	0.05337
1008.25	0.05326
1008.3	0.05318
1008.35	0.05307
1008.4	0.05296
1008.45	0.05289
1008.5	0.05277
1008.55	0.0527
1008.6	0.05259
1008.65	0.05248
1008.7	0.05237
1008.75	0.05229
1008.8	0.05218
1008.85	0.05207
1008.9	0.05199
1008.95	0.05188
1009	0.05181
1009.05	0.0517
1009.1	0.05159
1009.15	0.05151
1009.2	0.05144
1009.25	0.05136
1009.3	0.05125
1009.35	0.05118
1009.4	0.05107
1009.45	0.05095
1009.5	0.05092
1009.55	0.05081
1009.6	0.05073
1009.65	0.05066
1009.7	0.05055
1009.75	0.05047
1009.8	0.05036
1009.85	0.05029
1009.9	0.05021
1009.95	0.0501
1010	0.05003
1010.05	0.04988
1010.1	0.04984
1010.15	0.04973
1010.2	0.04966
1010.25	0.04958
1010.3	0.04947
1010.35	0.0494
1010.4	0.04928
1010.45	0.04925
1010.5	0.04914
1010.55	0.04902
1010.6	0.04899
1010.65	0.04891
1010.7	0.0488
1010.75	0.04873
1010.8	0.04862
1010.85	0.04854
1010.9	0.04847
1010.95	0.04836
1011	0.04824
1011.05	0.04817
1011.1	0.0481
1011.15	0.04802
1011.2	0.04795
1011.25	0.04784
1011.3	0.04776
1011.35	0.04769
1011.4	0.04761
1011.45	0.04754
1011.5	0.04746
1011.55	0.04735
1011.6	0.04728
1011.65	0.04717
1011.7	0.04709
1011.75	0.04698
1011.8	0.04687
1011.85	0.0468
1011.9	0.04668
1011.95	0.04661
1012	0.04654
1012.05	0.04646
1012.1	0.04635
1012.15	0.04628
1012.2	0.04616
1012.25	0.04609
1012.3	0.04598
1012.35	0.0459
1012.4	0.04583
1012.45	0.04576
1012.5	0.04564
1012.55	0.04557
1012.6	0.04546
1012.65	0.04538
1012.7	0.04531
1012.75	0.0452
1012.8	0.04512
1012.85	0.04501
1012.9	0.04494
1012.95	0.04483
1013	0.04475
1013.05	0.04468
1013.1	0.04457
1013.15	0.04446
1013.2	0.04438
1013.25	0.04427
1013.3	0.0442
1013.35	0.04408
1013.4	0.04397
1013.45	0.0439
1013.5	0.04379
1013.55	0.04371
1013.6	0.0436
1013.65	0.04353
1013.7	0.04342
1013.75	0.0433
1013.8	0.04323
1013.85	0.04312
1013.9	0.04304
1013.95	0.04293
1014	0.04286
1014.05	0.04278
1014.1	0.04267
1014.15	0.0426
1014.2	0.04249
1014.25	0.04241
1014.3	0.0423
1014.35	0.04219
1014.4	0.04212
1014.45	0.04197
1014.5	0.04189
1014.55	0.04178
1014.6	0.04167
1014.65	0.0416
1014.7	0.04148
1014.75	0.04137
1014.8	0.0413
1014.85	0.04119
1014.9	0.04108
1014.95	0.041
1015	0.04089
1015.05	0.04078
1015.1	0.0407
1015.15	0.04059
1015.2	0.04052
1015.25	0.04041
1015.3	0.0403
1015.35	0.04022
1015.4	0.04011
1015.45	0.04
1015.5	0.03989
1015.55	0.03974
1015.6	0.03963
1015.65	0.03952
1015.7	0.0394
1015.75	0.03929
1015.8	0.03918
1015.85	0.03907
1015.9	0.03896
1015.95	0.03888
1016	0.03877
1016.05	0.03866
1016.1	0.03855
1016.15	0.03844
1016.2	0.03836
1016.25	0.03821
1016.3	0.0381
1016.35	0.03803
1016.4	0.03792
1016.45	0.03781
1016.5	0.03769
1016.55	0.03758
1016.6	0.03747
1016.65	0.0374
1016.7	0.03725
1016.75	0.03717
1016.8	0.03706
1016.85	0.03695
1016.9	0.03684
1016.95	0.03677
1017	0.03665
1017.05	0.03654
1017.1	0.03647
1017.15	0.03636
1017.2	0.03621
1017.25	0.03613
1017.3	0.03602
1017.35	0.03591
1017.4	0.0358
1017.45	0.03569
1017.5	0.03558
1017.55	0.03546
1017.6	0.03539
1017.65	0.03528
1017.7	0.03517
1017.75	0.03502
1017.8	0.03491
1017.85	0.0348
1017.9	0.03472
1017.95	0.03461
1018	0.03446
1018.05	0.03439
1018.1	0.03428
1018.15	0.03416
1018.2	0.03409
1018.25	0.03398
1018.3	0.0339
1018.35	0.03375
1018.4	0.03364
1018.45	0.03353
1018.5	0.03342
1018.55	0.03331
1018.6	0.0332
1018.65	0.03309
1018.7	0.03297
1018.75	0.0329
1018.8	0.03279
1018.85	0.03268
1018.9	0.0326
1018.95	0.03245
1019	0.03238
1019.05	0.03227
1019.1	0.03216
1019.15	0.03205
1019.2	0.03197
1019.25	0.03186
1019.3	0.03175
1019.35	0.03167
1019.4	0.0316
1019.45	0.03149
1019.5	0.03141
1019.55	0.0313
1019.6	0.03123
1019.65	0.03112
1019.7	0.03101
1019.75	0.03093
1019.8	0.03086
1019.85	0.03075
1019.9	0.03067
1019.95	0.03056
1020	0.03049
1020.05	0.03037
1020.1	0.0303
1020.15	0.03019
1020.2	0.03011
1020.25	0.03
1020.3	0.02989
1020.35	0.02982
1020.4	0.02971
1020.45	0.02959
1020.5	0.02948
1020.55	0.02941
1020.6	0.0293
1020.65	0.02922
1020.7	0.02915
1020.75	0.02904
1020.8	0.02896
1020.85	0.02889
1020.9	0.02878
1020.95	0.0287
1021	0.02863
1021.05	0.02855
1021.1	0.02844
1021.15	0.02837
1021.2	0.02829
1021.25	0.02818
1021.3	0.02811
1021.35	0.02803
1021.4	0.02796
1021.45	0.02785
1021.5	0.02777
1021.55	0.0277
1021.6	0.02763
1021.65	0.02755
1021.7	0.02748
1021.75	0.0274
1021.8	0.02729
1021.85	0.02722
1021.9	0.02714
1021.95	0.02707
1022	0.02699
1022.05	0.02692
1022.1	0.02685
1022.15	0.02677
1022.2	0.0267
1022.25	0.02662
1022.3	0.02651
1022.35	0.02648
1022.4	0.02636
1022.45	0.02629
1022.5	0.02622
1022.55	0.02614
1022.6	0.02607
1022.65	0.02599
1022.7	0.02592
1022.75	0.02584
1022.8	0.02581
1022.85	0.02577
1022.9	0.0257
1022.95	0.02562
1023	0.02555
1023.05	0.02551
1023.1	0.02544
1023.15	0.02536
1023.2	0.02533
1023.25	0.02521
1023.3	0.02514
1023.35	0.0251
1023.4	0.02503
1023.45	0.02495
1023.5	0.02488
1023.55	0.02484
1023.6	0.02473
1023.65	0.0247
1023.7	0.02466
1023.75	0.02462
1023.8	0.02455
1023.85	0.02447
1023.9	0.02444
1023.95	0.02432
1024	0.02429
1024.05	0.02421
1024.1	0.02414
1024.15	0.02407
1024.2	0.02399
1024.25	0.02395
1024.3	0.02388
1024.35	0.02381
1024.4	0.02377
1024.45	0.02369
1024.5	0.02366
1024.55	0.02358
1024.6	0.02351
1024.65	0.02343
1024.7	0.02336
1024.75	0.02332
1024.8	0.02325
1024.85	0.02321
1024.9	0.02314
1024.95	0.0231
1025	0.02303
1025.05	0.02299
1025.1	0.02295
1025.15	0.02292
1025.2	0.02288
1025.25	0.02281
1025.3	0.02273
1025.35	0.02269
1025.4	0.02266
1025.45	0.02258
1025.5	0.02255
1025.55	0.02247
1025.6	0.02244
1025.65	0.02236
1025.7	0.02232
1025.75	0.02229
1025.8	0.02225
1025.85	0.02221
1025.9	0.02214
1025.95	0.02214
1026	0.02207
1026.05	0.02203
1026.1	0.02199
1026.15	0.02195
1026.2	0.02188
1026.25	0.02184
1026.3	0.02181
1026.35	0.02173
1026.4	0.0217
1026.45	0.02166
1026.5	0.02158
1026.55	0.02155
1026.6	0.02147
1026.65	0.02147
1026.7	0.0214
1026.75	0.02136
1026.8	0.02133
1026.85	0.02125
1026.9	0.02125
1026.95	0.02118
1027	0.02118
1027.05	0.02114
1027.1	0.0211
1027.15	0.02107
1027.2	0.02103
1027.25	0.02099
1027.3	0.02096
1027.35	0.02096
1027.4	0.02092
1027.45	0.02088
1027.5	0.02085
1027.55	0.02085
1027.6	0.02081
1027.65	0.02077
1027.7	0.02074
1027.75	0.0207
1027.8	0.02062
1027.85	0.02062
1027.9	0.02059
1027.95	0.02055
1028	0.02051
1028.05	0.02048
1028.1	0.02048
1028.15	0.0204
1028.2	0.0204
1028.25	0.02033
1028.3	0.02029
1028.35	0.02026
1028.4	0.02022
1028.45	0.02018
1028.5	0.02015
1028.55	0.02015
1028.6	0.02011
1028.65	0.02007
1028.7	0.02003
1028.75	0.01996
1028.8	0.01996
1028.85	0.01989
1028.9	0.01985
1028.95	0.01985
1029	0.01981
1029.05	0.01978
1029.1	0.01974
1029.15	0.0197
1029.2	0.01967
1029.25	0.01963
1029.3	0.01959
1029.35	0.01952
1029.4	0.01952
1029.45	0.01948
1029.5	0.01948
1029.55	0.01944
1029.6	0.01941
1029.65	0.01937
1029.7	0.0193
1029.75	0.0193
1029.8	0.01922
1029.85	0.01919
1029.9	0.01911
1029.95	0.01907
1030	0.01907
1030.05	0.019
1030.1	0.01896
1030.15	0.01893
1030.2	0.01889
1030.25	0.01885
1030.3	0.01878
1030.35	0.01878
1030.4	0.01871
1030.45	0.01867
1030.5	0.01863
1030.55	0.01859
1030.6	0.01856
1030.65	0.01852
1030.7	0.01848
1030.75	0.01841
1030.8	0.01841
1030.85	0.01834
1030.9	0.0183
1030.95	0.01826
1031	0.01822
1031.05	0.01815
1031.1	0.01811
1031.15	0.01804
1031.2	0.018
1031.25	0.01797
1031.3	0.01793
1031.35	0.01785
1031.4	0.01782
1031.45	0.01778
1031.5	0.01774
1031.55	0.01771
1031.6	0.01767
1031.65	0.01763
1031.7	0.0176
1031.75	0.01752
1031.8	0.01749
1031.85	0.01741
1031.9	0.01737
1031.95	0.01734
1032	0.01726
1032.05	0.01723
1032.1	0.01719
1032.15	0.01711
1032.2	0.01708
1032.25	0.01704
1032.3	0.017
1032.35	0.01697
1032.4	0.01689
1032.45	0.01686
1032.5	0.01682
1032.55	0.01674
1032.6	0.01675
1032.65	0.01667
1032.7	0.01663
1032.75	0.01656
1032.8	0.01652
1032.85	0.01649
1032.9	0.01641
1032.95	0.01638
1033	0.0163
1033.05	0.01626
1033.1	0.01619
1033.15	0.01615
1033.2	0.01612
1033.25	0.01604
1033.3	0.016
1033.35	0.01597
1033.4	0.01589
1033.45	0.01586
1033.5	0.01578
1033.55	0.01575
1033.6	0.01571
1033.65	0.01563
1033.7	0.0156
1033.75	0.01552
1033.8	0.01549
1033.85	0.01545
1033.9	0.01541
1033.95	0.01538
1034	0.01534
1034.05	0.01526
1034.1	0.01523
1034.15	0.01519
1034.2	0.01512
1034.25	0.01508
1034.3	0.01501
1034.35	0.01493
1034.4	0.01493
1034.45	0.01486
1034.5	0.01482
1034.55	0.01475
1034.6	0.01467
1034.65	0.01464
1034.7	0.01456
1034.75	0.01452
1034.8	0.01445
1034.85	0.01441
1034.9	0.01434
1034.95	0.0143
1035	0.01426
1035.05	0.01423
1035.1	0.01419
1035.15	0.01415
1035.2	0.01408
1035.25	0.01404
1035.3	0.01397
1035.35	0.01393
1035.4	0.0139
1035.45	0.01386
1035.5	0.01382
1035.55	0.01375
1035.6	0.01371
1035.65	0.01364
1035.7	0.01364
1035.75	0.0136
1035.8	0.01353
1035.85	0.01349
1035.9	0.01341
1035.95	0.01341
1036	0.01334
1036.05	0.0133
1036.1	0.01327
1036.15	0.01319
1036.2	0.01316
1036.25	0.01312
1036.3	0.01308
1036.35	0.01301
1036.4	0.01297
1036.45	0.01293
1036.5	0.0129
1036.55	0.0129
1036.6	0.01282
1036.65	0.01279
1036.7	0.01271
1036.75	0.01267
1036.8	0.01264
1036.85	0.01256
1036.9	0.01253
1036.95	0.01245
1037	0.01242
1037.05	0.01234
1037.1	0.0123
1037.15	0.01227
1037.2	0.01219
1037.25	0.01216
1037.3	0.01208
1037.35	0.01205
1037.4	0.01201
1037.45	0.01197
1037.5	0.01193
1037.55	0.01186
1037.6	0.01182
1037.65	0.01179
1037.7	0.01175
1037.75	0.01171
1037.8	0.01164
1037.85	0.0116
1037.9	0.01153
1037.95	0.01149
1038	0.01145
1038.05	0.01142
1038.1	0.01138
1038.15	0.01134
1038.2	0.01131
1038.25	0.01127
1038.3	0.01123
1038.35	0.0112
1038.4	0.01112
1038.45	0.01108
1038.5	0.01101
1038.55	0.01097
1038.6	0.0109
1038.65	0.01086
1038.7	0.01082
1038.75	0.01079
1038.8	0.01075
1038.85	0.01071
1038.9	0.01068
1038.95	0.01064
1039	0.0106
1039.05	0.01057
1039.1	0.01053
1039.15	0.01046
1039.2	0.01042
1039.25	0.01038
1039.3	0.01034
1039.35	0.01031
1039.4	0.01027
1039.45	0.0102
1039.5	0.01016
1039.55	0.01012
1039.6	0.01009
1039.65	0.01005
1039.7	0.01001
1039.75	0.01001
1039.8	0.00998
1039.85	0.0099
1039.9	0.0099
1039.95	0.00983
1040	0.00983
1040.05	0.00979
1040.1	0.00975
1040.15	0.00972
1040.2	0.00968
1040.25	0.00964
1040.3	0.00961
1040.35	0.00961
1040.4	0.00953
1040.45	0.00953
1040.5	0.0095
1040.55	0.00946
1040.6	0.00942
1040.65	0.00939
1040.7	0.00935
1040.75	0.00931
1040.8	0.00931
1040.85	0.00927
1040.9	0.0092
1040.95	0.00916
1041	0.00916
1041.05	0.00913
1041.1	0.00909
1041.15	0.00905
1041.2	0.00902
1041.25	0.00898
1041.3	0.00894
1041.35	0.00891
1041.4	0.00887
1041.45	0.00883
1041.5	0.0088
1041.55	0.0088
1041.6	0.00876
1041.65	0.00872
1041.7	0.00872
1041.75	0.00869
1041.8	0.00869
1041.85	0.00865
1041.9	0.00865
1041.95	0.00861
1042	0.00858
1042.05	0.00858
1042.1	0.0085
1042.15	0.0085
1042.2	0.0085
1042.25	0.00847
1042.3	0.00843
1042.35	0.00839
1042.4	0.00839
1042.45	0.00835
1042.5	0.00832
1042.55	0.00832
1042.6	0.00828
1042.65	0.00824
1042.7	0.00821
1042.75	0.00817
1042.8	0.00817
1042.85	0.00813
1042.9	0.0081
1042.95	0.00806
1043	0.00806
1043.05	0.00802
1043.1	0.00802
1043.15	0.00799
1043.2	0.00799
1043.25	0.00795
1043.3	0.00791
1043.35	0.00791
1043.4	0.00788
1043.45	0.00788
1043.5	0.00788
1043.55	0.00784
1043.6	0.00784
1043.65	0.00784
1043.7	0.0078
1043.75	0.00777
1043.8	0.00777
1043.85	0.00777
1043.9	0.00773
1043.95	0.0077
1044	0.00766
1044.05	0.00766
1044.1	0.00762
1044.15	0.00758
1044.2	0.00759
1044.25	0.00759
1044.3	0.00755
1044.35	0.00755
1044.4	0.00751
1044.45	0.00751
1044.5	0.00748
1044.55	0.00748
1044.6	0.00744
1044.65	0.00744
1044.7	0.0074
1044.75	0.00737
1044.8	0.00737
1044.85	0.00733
1044.9	0.00729
1044.95	0.00726
1045	0.00726
1045.05	0.00722
1045.1	0.00722
1045.15	0.00722
1045.2	0.00718
1045.25	0.00715
1045.3	0.00715
1045.35	0.00715
1045.4	0.00711
1045.45	0.00711
1045.5	0.00707
1045.55	0.00707
1045.6	0.00704
1045.65	0.007
1045.7	0.00696
1045.75	0.00693
1045.8	0.00689
1045.85	0.00689
1045.9	0.00685
1045.95	0.00685
1046	0.00682
1046.05	0.00682
1046.1	0.00682
1046.15	0.00678
1046.2	0.00678
1046.25	0.00674
1046.3	0.00674
1046.35	0.00674
1046.4	0.00671
1046.45	0.00671
1046.5	0.00667
1046.55	0.00667
1046.6	0.00663
1046.65	0.00663
1046.7	0.0066
1046.75	0.0066
1046.8	0.0066
1046.85	0.00656
1046.9	0.00652
1046.95	0.00652
1047	0.00649
1047.05	0.00649
1047.1	0.00649
1047.15	0.00645
1047.2	0.00645
1047.25	0.00642
1047.3	0.00642
1047.35	0.00638
1047.4	0.00638
1047.45	0.00634
1047.5	0.00631
1047.55	0.00631
1047.6	0.00631
1047.65	0.00631
1047.7	0.00627
1047.75	0.00627
1047.8	0.00623
1047.85	0.00623
1047.9	0.00623
1047.95	0.0062
1048	0.0062
1048.05	0.00616
1048.1	0.00612
1048.15	0.00609
1048.2	0.00609
1048.25	0.00609
1048.3	0.00605
1048.35	0.00605
1048.4	0.00605
1048.45	0.00605
1048.5	0.00601
1048.55	0.00601
1048.6	0.00602
1048.65	0.00598
1048.7	0.00598
1048.75	0.00594
1048.8	0.00594
1048.85	0.00594
1048.9	0.00591
1048.95	0.00591
1049	0.00587
1049.05	0.00587
1049.1	0.00583
1049.15	0.00583
1049.2	0.0058
1049.25	0.0058
1049.3	0.00576
1049.35	0.00576
1049.4	0.00572
1049.45	0.00572
1049.5	0.00569
1049.55	0.00569
1049.6	0.00569
1049.65	0.00565
1049.7	0.00565
1049.75	0.00561
1049.8	0.00558
1049.85	0.00558
1049.9	0.00558
1049.95	0.00558
1050	0.00554
1050.05	0.00554
1050.1	0.0055
1050.15	0.0055
1050.2	0.00547
1050.25	0.00547
1050.3	0.00543
1050.35	0.00539
1050.4	0.00539
1050.45	0.00536
1050.5	0.00536
1050.55	0.00532
1050.6	0.00532
1050.65	0.00532
1050.7	0.00529
1050.75	0.00529
1050.8	0.00529
1050.85	0.00529
1050.9	0.00529
1050.95	0.00525
1051	0.00525
1051.05	0.00521
1051.1	0.00521
1051.15	0.00518
1051.2	0.00514
1051.25	0.00514
1051.3	0.0051
1051.35	0.00507
1051.4	0.00503
1051.45	0.00503
1051.5	0.00499
1051.55	0.00499
1051.6	0.00496
1051.65	0.00496
1051.7	0.00496
1051.75	0.00492
1051.8	0.00492
1051.85	0.00492
1051.9	0.00488
1051.95	0.00488
1052	0.00485
1052.05	0.00485
1052.1	0.00481
1052.15	0.00477
1052.2	0.00474
1052.25	0.00474
1052.3	0.00474
1052.35	0.0047
1052.4	0.0047
1052.45	0.00466
1052.5	0.00467
1052.55	0.00463
1052.6	0.00463
1052.65	0.00463
1052.7	0.00459
1052.75	0.00459
1052.8	0.00456
1052.85	0.00452
1052.9	0.00452
1052.95	0.00448
1053	0.00448
1053.05	0.00445
1053.1	0.00441
1053.15	0.00441
1053.2	0.00437
1053.25	0.00437
1053.3	0.00434
1053.35	0.0043
1053.4	0.0043
1053.45	0.00426
1053.5	0.00423
1053.55	0.00423
1053.6	0.00419
1053.65	0.00415
1053.7	0.00415
1053.75	0.00415
1053.8	0.00412
1053.85	0.00412
1053.9	0.00408
1053.95	0.00408
1054	0.00408
1054.05	0.00408
1054.1	0.00404
1054.15	0.00404
1054.2	0.00401
1054.25	0.00401
1054.3	0.00397
1054.35	0.00397
1054.4	0.00393
1054.45	0.00393
1054.5	0.0039
1054.55	0.0039
1054.6	0.00386
1054.65	0.00386
1054.7	0.00386
1054.75	0.00382
1054.8	0.00383
1054.85	0.00379
1054.9	0.00379
1054.95	0.00375
1055	0.00371
1055.05	0.00372
1055.1	0.00368
1055.15	0.00368
1055.2	0.00364
1055.25	0.00364
1055.3	0.00361
1055.35	0.00361
1055.4	0.00361
1055.45	0.00357
1055.5	0.00357
1055.55	0.00353
1055.6	0.0035
1055.65	0.0035
1055.7	0.00346
1055.75	0.00346
1055.8	0.00342
1055.85	0.00342
1055.9	0.00342
1055.95	0.00339
1056	0.00339
1056.05	0.00335
1056.1	0.00335
1056.15	0.00335
1056.2	0.00335
1056.25	0.00331
1056.3	0.00328
1056.35	0.00328
1056.4	0.00324
1056.45	0.00324
1056.5	0.00324
1056.55	0.00324
1056.6	0.0032
1056.65	0.00321
1056.7	0.00321
1056.75	0.00317
1056.8	0.00317
1056.85	0.00313
1056.9	0.00313
1056.95	0.0031
1057	0.0031
1057.05	0.0031
1057.1	0.00306
1057.15	0.00306
1057.2	0.00302
1057.25	0.00302
1057.3	0.00302
1057.35	0.00299
1057.4	0.00299
1057.45	0.00299
1057.5	0.00299
1057.55	0.00295
1057.6	0.00295
1057.65	0.00295
1057.7	0.00292
1057.75	0.00292
1057.8	0.00292
1057.85	0.00288
1057.9	0.00288
1057.95	0.00284
1058	0.00284
1058.05	0.00284
1058.1	0.00284
1058.15	0.00281
1058.2	0.00277
1058.25	0.00277
1058.3	0.00277
1058.35	0.00277
1058.4	0.00273
1058.45	0.0027
1058.5	0.0027
1058.55	0.0027
1058.6	0.00266
1058.65	0.00266
1058.7	0.00266
1058.75	0.00262
1058.8	0.00263
1058.85	0.00263
1058.9	0.00263
1058.95	0.00259
1059	0.00259
1059.05	0.00259
1059.1	0.00259
1059.15	0.00255
1059.2	0.00255
1059.25	0.00252
1059.3	0.00252
1059.35	0.00252
1059.4	0.00248
1059.45	0.00244
1059.5	0.00244
1059.55	0.00244
1059.6	0.00241
1059.65	0.00237
1059.7	0.00237
1059.75	0.00237
1059.8	0.00237
1059.85	0.00233
1059.9	0.00234
1059.95	0.00234
1060	0.0023
1060.05	0.0023
1060.1	0.0023
1060.15	0.0023
1060.2	0.00226
1060.25	0.00226
1060.3	0.00223
1060.35	0.00223
1060.4	0.00223
1060.45	0.00219
1060.5	0.00219
1060.55	0.00219
1060.6	0.00219
1060.65	0.00215
1060.7	0.00215
1060.75	0.00216
1060.8	0.00216
1060.85	0.00216
1060.9	0.00212
1060.95	0.00212
1061	0.00208
1061.05	0.00208
1061.1	0.00208
1061.15	0.00205
1061.2	0.00205
1061.25	0.00205
1061.3	0.00205
1061.35	0.00205
1061.4	0.00205
1061.45	0.00205
1061.5	0.00201
1061.55	0.00201
1061.6	0.00201
1061.65	0.00201
1061.7	0.00201
1061.75	0.00198
1061.8	0.00198
1061.85	0.00198
1061.9	0.00194
1061.95	0.00194
1062	0.00194
1062.05	0.00194
1062.1	0.0019
1062.15	0.00191
1062.2	0.00187
1062.25	0.00191
1062.3	0.00191
1062.35	0.00187
1062.4	0.00187
1062.45	0.00187
1062.5	0.00183
1062.55	0.00183
1062.6	0.00183
1062.65	0.00183
1062.7	0.0018
1062.75	0.0018
1062.8	0.0018
1062.85	0.0018
1062.9	0.0018
1062.95	0.0018
1063	0.0018
1063.05	0.00176
1063.1	0.00176
1063.15	0.00176
1063.2	0.00176
1063.25	0.00173
1063.3	0.00173
1063.35	0.00173
1063.4	0.00173
1063.45	0.00173
1063.5	0.00173
1063.55	0.00173
1063.6	0.00173
1063.65	0.00169
1063.7	0.00169
1063.75	0.00169
1063.8	0.00169
1063.85	0.00166
1063.9	0.00166
1063.95	0.00166
1064	0.00166
1064.05	0.00166
1064.1	0.00162
1064.15	0.00162
1064.2	0.00159
1064.25	0.00159
1064.3	0.00159
1064.35	0.00159
1064.4	0.00159
1064.45	0.00159
1064.5	0.00159
1064.55	0.00159
1064.6	0.00159
1064.65	0.00155
1064.7	0.00155
1064.75	0.00155
1064.8	0.00155
1064.85	0.00155
1064.9	0.00152
1064.95	0.00152
1065	0.00152
1065.05	0.00152
1065.1	0.00152
1065.15	0.00152
1065.2	0.00148
1065.25	0.00148
1065.3	0.00148
1065.35	0.00148
1065.4	0.00148
1065.45	0.00145
1065.5	0.00145
1065.55	0.00145
1065.6	0.00145
1065.65	0.00141
1065.7	0.00141
1065.75	0.00141
1065.8	0.00141
1065.85	0.00141
1065.9	0.00141
1065.95	0.00141
1066	0.00141
1066.05	0.00138
1066.1	0.00138
1066.15	0.00138
1066.2	0.00134
1066.25	0.00134
1066.3	0.00134
1066.35	0.0013
1066.4	0.0013
1066.45	0.0013
1066.5	0.0013
1066.55	0.0013
1066.6	0.00131
1066.65	0.00131
1066.7	0.00131
1066.75	0.00127
1066.8	0.00131
1066.85	0.00127
1066.9	0.00127
1066.95	0.00127
1067	0.00127
1067.05	0.00127
1067.1	0.00127
1067.15	0.00127
1067.2	0.00124
1067.25	0.00124
1067.3	0.00127
1067.35	0.00124
1067.4	0.00124
1067.45	0.00124
1067.5	0.00124
1067.55	0.0012
1067.6	0.0012
1067.65	0.0012
1067.7	0.0012
1067.75	0.0012
1067.8	0.0012
1067.85	0.0012
1067.9	0.0012
1067.95	0.0012
1068	0.0012
1068.05	0.0012
1068.1	0.00117
1068.15	0.00121
1068.2	0.00117
1068.25	0.00117
1068.3	0.00117
1068.35	0.00113
1068.4	0.00113
1068.45	0.00113
1068.5	0.00113
1068.55	0.00113
1068.6	0.00113
1068.65	0.00113
1068.7	0.00113
1068.75	0.00114
1068.8	0.00114
1068.85	0.00114
1068.9	0.00114
1068.95	0.00114
1069	0.00114
1069.05	0.00114
1069.1	0.00114
1069.15	0.0011
1069.2	0.0011
1069.25	0.00106
1069.3	0.00106
1069.35	0.00107
1069.4	0.00107
1069.45	0.00107
1069.5	0.00103
1069.55	0.00103
1069.6	0.00103
1069.65	0.00107
1069.7	0.00103
1069.75	0.00103
1069.8	0.00103
1069.85	0.00103
1069.9	0.00103
1069.95	0.00103
1070	0.00103
1070.05	0.00103
1070.1	0.00107
1070.15	0.00107
1070.2	0.00107
1070.25	0.00107
1070.3	0.00104
1070.35	0.00104
1070.4	0.00104
1070.45	0.00104
1070.5	0.00104
1070.55	1E-3
1070.6	0.00104
1070.65	0.00104
1070.7	1E-3
1070.75	0.00104
1070.8	1E-3
1070.85	1E-3
1070.9	1E-3
1070.95	1E-3
1071	1E-3
1071.05	1E-3
1071.1	1E-3
1071.15	1E-3
1071.2	0.00101
1071.25	0.00101
1071.3	0.00101
1071.35	9.68874E-4
1071.4	9.69259E-4
1071.45	9.69644E-4
1071.5	9.32733E-4
1071.55	9.33118E-4
1071.6	9.33503E-4
1071.65	9.33888E-4
1071.7	9.34273E-4
1071.75	9.34659E-4
1071.8	9.35044E-4
1071.85	9.35429E-4
1071.9	9.35814E-4
1071.95	9.36199E-4
1072	9.36585E-4
1072.05	9.3697E-4
1072.1	9.00058E-4
1072.15	9.00443E-4
1072.2	9.00828E-4
1072.25	9.01214E-4
1072.3	9.01599E-4
1072.35	8.64687E-4
1072.4	8.65072E-4
1072.45	8.65457E-4
1072.5	8.65843E-4
1072.55	8.66228E-4
1072.6	8.66613E-4
1072.65	8.66998E-4
1072.7	8.67383E-4
1072.75	8.67769E-4
1072.8	8.30857E-4
1072.85	7.93945E-4
1072.9	8.31627E-4
1072.95	8.32013E-4
1073	8.32398E-4
1073.05	8.32783E-4
1073.1	8.33168E-4
1073.15	7.96256E-4
1073.2	7.96642E-4
1073.25	8.34324E-4
1073.3	7.97412E-4
1073.35	7.97797E-4
1073.4	7.98182E-4
1073.45	7.61271E-4
1073.5	7.61656E-4
1073.55	7.62041E-4
1073.6	7.99723E-4
1073.65	7.62812E-4
1073.7	7.63197E-4
1073.75	7.63582E-4
1073.8	7.63967E-4
1073.85	7.64352E-4
1073.9	7.64738E-4
1073.95	7.65123E-4
1074	7.65508E-4
1074.05	7.28596E-4
1074.1	7.28981E-4
1074.15	7.29367E-4
1074.2	7.29752E-4
1074.25	6.9284E-4
1074.3	7.30522E-4
1074.35	6.9361E-4
1074.4	6.93996E-4
1074.45	6.94381E-4
1074.5	6.94766E-4
1074.55	7.32448E-4
1074.6	6.95536E-4
1074.65	7.33219E-4
1074.7	6.96307E-4
1074.75	6.96692E-4
1074.8	7.34374E-4
1074.85	6.97462E-4
1074.9	7.35145E-4
1074.95	6.98233E-4
1075	6.98618E-4
1075.05	6.99003E-4
1075.1	6.99388E-4
1075.15	6.99774E-4
1075.2	6.62862E-4
1075.25	6.63247E-4
1075.3	6.63632E-4
1075.35	6.64018E-4
1075.4	6.64403E-4
1075.45	6.64788E-4
1075.5	6.65173E-4
1075.55	6.65558E-4
1075.6	6.65944E-4
1075.65	6.66329E-4
1075.7	6.66714E-4
1075.75	6.67099E-4
1075.8	6.67484E-4
1075.85	6.6787E-4
1075.9	6.68255E-4
1075.95	6.31343E-4
1076	6.31728E-4
1076.05	6.32113E-4
1076.1	6.32499E-4
1076.15	6.32884E-4
1076.2	6.33269E-4
1076.25	6.33654E-4
1076.3	6.34039E-4
1076.35	6.34425E-4
1076.4	6.3481E-4
1076.45	6.35195E-4
1076.5	6.3558E-4
1076.55	6.35965E-4
1076.6	6.36351E-4
1076.65	5.99439E-4
1076.7	6.37121E-4
1076.75	6.37506E-4
1076.8	6.37891E-4
1076.85	6.38277E-4
1076.9	6.01365E-4
1076.95	6.39047E-4
1077	6.39432E-4
1077.05	6.39817E-4
1077.1	6.40203E-4
1077.15	6.40588E-4
1077.2	6.40973E-4
1077.25	6.04061E-4
1077.3	6.41743E-4
1077.35	6.42129E-4
1077.4	6.42514E-4
1077.45	6.42899E-4
1077.5	6.43284E-4
1077.55	6.43669E-4
1077.6	6.44055E-4
1077.65	6.4444E-4
1077.7	6.44825E-4
1077.75	6.4521E-4
1077.8	6.45595E-4
1077.85	6.45981E-4
1077.9	6.46366E-4
1077.95	6.46751E-4
1078	6.47136E-4
1078.05	6.47521E-4
1078.1	6.47907E-4
1078.15	6.48292E-4
1078.2	6.1138E-4
1078.25	6.11765E-4
1078.3	5.74854E-4
1078.35	5.75239E-4
1078.4	5.75624E-4
1078.45	5.38712E-4
1078.5	5.76394E-4
1078.55	5.39483E-4
1078.6	5.77165E-4
1078.65	5.7755E-4
1078.7	5.77935E-4
1078.75	5.7832E-4
1078.8	5.41409E-4
1078.85	5.79091E-4
1078.9	5.42179E-4
1078.95	5.42564E-4
1079	5.42949E-4
1079.05	5.43335E-4
1079.1	5.4372E-4
1079.15	5.44105E-4
1079.2	5.4449E-4
1079.25	5.44875E-4
1079.3	5.45261E-4
1079.35	5.45646E-4
1079.4	5.08734E-4
1079.45	5.09119E-4
1079.5	5.09505E-4
1079.55	5.0989E-4
1079.6	4.72978E-4
1079.65	4.73363E-4
1079.7	5.11045E-4
1079.75	4.74134E-4
1079.8	4.74519E-4
1079.85	4.74904E-4
1079.9	4.75289E-4
1079.95	4.75674E-4
1080	4.7606E-4
1080.05	4.76445E-4
1080.1	4.7683E-4
1080.15	4.77215E-4
1080.2	4.776E-4
1080.25	4.77986E-4
1080.3	4.78371E-4
1080.35	4.78756E-4
1080.4	4.79141E-4
1080.45	4.79526E-4
1080.5	4.79912E-4
1080.55	4.80297E-4
1080.6	4.80682E-4
1080.65	4.81067E-4
1080.7	4.81452E-4
1080.75	4.81838E-4
1080.8	4.82223E-4
1080.85	4.82608E-4
1080.9	4.82993E-4
1080.95	4.83378E-4
1081	4.83764E-4
1081.05	4.84149E-4
1081.1	4.84534E-4
1081.15	4.84919E-4
1081.2	4.85304E-4
1081.25	4.8569E-4
1081.3	4.48778E-4
1081.35	4.49163E-4
1081.4	4.49548E-4
1081.45	4.49934E-4
1081.5	4.50319E-4
1081.55	4.13407E-4
1081.6	4.13792E-4
1081.65	4.14177E-4
1081.7	4.14563E-4
1081.75	4.14948E-4
1081.8	4.15333E-4
1081.85	4.15718E-4
1081.9	4.16103E-4
1081.95	4.16489E-4
1082	4.16874E-4
1082.05	4.17259E-4
1082.1	4.17644E-4
1082.15	4.18029E-4
1082.2	4.55712E-4
1082.25	4.188E-4
1082.3	4.19185E-4
1082.35	4.56867E-4
1082.4	4.19955E-4
1082.45	4.20341E-4
1082.5	4.20726E-4
1082.55	4.21111E-4
1082.6	4.21496E-4
1082.65	4.21881E-4
1082.7	4.22267E-4
1082.75	4.22652E-4
1082.8	4.60334E-4
1082.85	4.60719E-4
1082.9	4.61104E-4
1082.95	4.6149E-4
1083	4.24578E-4
1083.05	4.24963E-4
1083.1	4.25348E-4
1083.15	4.25733E-4
1083.2	4.26119E-4
1083.25	4.26504E-4
1083.3	4.26889E-4
1083.35	4.27274E-4
1083.4	4.27659E-4
1083.45	4.28045E-4
1083.5	4.2843E-4
1083.55	4.28815E-4
1083.6	4.292E-4
1083.65	4.29585E-4
1083.7	4.29971E-4
1083.75	4.30356E-4
1083.8	4.30741E-4
1083.85	4.31126E-4
1083.9	4.31511E-4
1083.95	4.31897E-4
1084	4.32282E-4
1084.05	4.32667E-4
1084.1	4.33052E-4
1084.15	4.33437E-4
1084.2	4.33823E-4
1084.25	4.34208E-4
1084.3	4.34593E-4
1084.35	4.34978E-4
1084.4	4.35363E-4
1084.45	4.35749E-4
1084.5	4.36134E-4
1084.55	4.36519E-4
1084.6	4.74201E-4
1084.65	4.74586E-4
1084.7	4.74972E-4
1084.75	4.75357E-4
1084.8	4.75742E-4
1084.85	4.76127E-4
1084.9	4.76512E-4
1084.95	4.76898E-4
1085	4.39986E-4
1085.05	4.40371E-4
1085.1	4.40756E-4
1085.15	4.41141E-4
1085.2	4.41527E-4
1085.25	4.04615E-4
1085.3	4.42297E-4
1085.35	4.42682E-4
1085.4	4.05771E-4
1085.45	4.06156E-4
1085.5	3.69244E-4
1085.55	4.06926E-4
1085.6	4.07311E-4
1085.65	4.07697E-4
1085.7	3.70785E-4
1085.75	3.7117E-4
1085.8	3.71555E-4
1085.85	3.7194E-4
1085.9	3.72326E-4
1085.95	3.72711E-4
1086	3.73096E-4
1086.05	3.73481E-4
1086.1	3.73866E-4
1086.15	4.11549E-4
1086.2	3.74637E-4
1086.25	3.75022E-4
1086.3	3.75407E-4
1086.35	3.75792E-4
1086.4	3.76178E-4
1086.45	3.76563E-4
1086.5	3.76948E-4
1086.55	3.77333E-4
1086.6	3.77718E-4
1086.65	3.78104E-4
1086.7	3.41192E-4
1086.75	3.41577E-4
1086.8	3.41962E-4
1086.85	3.42347E-4
1086.9	3.42733E-4
1086.95	3.05821E-4
1087	3.43503E-4
1087.05	3.43888E-4
1087.1	3.44274E-4
1087.15	3.44659E-4
1087.2	3.45044E-4
1087.25	3.45429E-4
1087.3	3.45814E-4
1087.35	3.462E-4
1087.4	3.46585E-4
1087.45	3.4697E-4
1087.5	3.47355E-4
1087.55	3.10443E-4
1087.6	3.10829E-4
1087.65	3.11214E-4
1087.7	3.11599E-4
1087.75	3.11984E-4
1087.8	3.12369E-4
1087.85	3.12755E-4
1087.9	2.75843E-4
1087.95	3.13525E-4
1088	3.1391E-4
1088.05	3.14295E-4
1088.1	3.14681E-4
1088.15	3.15066E-4
1088.2	3.15451E-4
1088.25	2.78539E-4
1088.3	3.16221E-4
1088.35	3.16607E-4
1088.4	3.16992E-4
1088.45	3.17377E-4
1088.5	2.80465E-4
1088.55	3.18147E-4
1088.6	3.18533E-4
1088.65	3.18918E-4
1088.7	3.19303E-4
1088.75	2.82391E-4
1088.8	3.20073E-4
1088.85	2.83162E-4
1088.9	3.20844E-4
1088.95	2.83932E-4
1089	2.84317E-4
1089.05	3.21999E-4
1089.1	2.85088E-4
1089.15	2.85473E-4
1089.2	2.85858E-4
1089.25	2.86243E-4
1089.3	2.86628E-4
1089.35	2.87014E-4
1089.4	3.24696E-4
1089.45	2.87784E-4
1089.5	2.88169E-4
1089.55	2.88554E-4
1089.6	2.8894E-4
1089.65	2.89325E-4
1089.7	2.8971E-4
1089.75	2.90095E-4
1089.8	2.9048E-4
1089.85	2.90866E-4
1089.9	2.91251E-4
1089.95	2.91636E-4
1090	3.29318E-4
1090.05	2.92406E-4
1090.1	3.30089E-4
1090.15	3.30474E-4
1090.2	3.30859E-4
1090.25	3.31244E-4
1090.3	3.31629E-4
1090.35	3.32015E-4
1090.4	3.324E-4
1090.45	3.32785E-4
1090.5	3.3317E-4
1090.55	3.33555E-4
1090.6	2.96644E-4
1090.65	2.97029E-4
1090.7	3.34711E-4
1090.75	3.35096E-4
1090.8	3.35481E-4
1090.85	3.35867E-4
1090.9	3.36252E-4
1090.95	3.36637E-4
1091	3.37022E-4
1091.05	3.37407E-4
1091.1	3.37793E-4
1091.15	3.38178E-4
1091.2	3.01266E-4
1091.25	2.64354E-4
1091.3	3.02037E-4
1091.35	3.02422E-4
1091.4	3.02807E-4
1091.45	3.03192E-4
1091.5	3.03577E-4
1091.55	3.03963E-4
1091.6	3.04348E-4
1091.65	3.04733E-4
1091.7	2.67821E-4
1091.75	2.68206E-4
1091.8	2.68592E-4
1091.85	2.68977E-4
1091.9	2.69362E-4
1091.95	2.69747E-4
1092	3.07429E-4
1092.05	3.07815E-4
1092.1	3.082E-4
1092.15	3.08585E-4
1092.2	3.0897E-4
1092.25	3.09355E-4
1092.3	2.72444E-4
1092.35	3.10126E-4
1092.4	2.73214E-4
1092.45	2.73599E-4
1092.5	3.11281E-4
1092.55	2.7437E-4
1092.6	2.74755E-4
1092.65	2.7514E-4
1092.7	2.75525E-4
1092.75	2.7591E-4
1092.8	2.76296E-4
1092.85	2.76681E-4
1092.9	2.77066E-4
1092.95	2.77451E-4
1093	2.77836E-4
1093.05	2.78222E-4
1093.1	2.78607E-4
1093.15	2.78992E-4
1093.2	2.79377E-4
1093.25	2.42465E-4
1093.3	2.42851E-4
1093.35	2.43236E-4
1093.4	2.06324E-4
1093.45	2.06709E-4
1093.5	2.07095E-4
1093.55	2.0748E-4
1093.6	2.07865E-4
1093.65	2.0825E-4
1093.7	2.08635E-4
1093.75	2.09021E-4
1093.8	2.09406E-4
1093.85	2.09791E-4
1093.9	2.10176E-4
1093.95	2.10561E-4
1094	2.10947E-4
1094.05	2.11332E-4
1094.1	2.11717E-4
1094.15	2.12102E-4
1094.2	2.12487E-4
1094.25	2.12873E-4
1094.3	2.13258E-4
1094.35	2.13643E-4
1094.4	2.14028E-4
1094.45	2.14413E-4
1094.5	2.14799E-4
1094.55	2.15184E-4
1094.6	1.78272E-4
1094.65	2.15954E-4
1094.7	1.79042E-4
1094.75	1.79428E-4
1094.8	1.79813E-4
1094.85	1.80198E-4
1094.9	1.80583E-4
1094.95	1.43672E-4
1095	1.81354E-4
1095.05	1.44442E-4
1095.1	1.44827E-4
1095.15	1.82509E-4
1095.2	1.82894E-4
1095.25	1.8328E-4
1095.3	1.83665E-4
1095.35	1.8405E-4
1095.4	1.84435E-4
1095.45	1.8482E-4
1095.5	1.85206E-4
1095.55	1.48294E-4
1095.6	1.48679E-4
1095.65	1.49064E-4
1095.7	1.4945E-4
1095.75	1.49835E-4
1095.8	1.5022E-4
1095.85	1.50605E-4
1095.9	1.5099E-4
1095.95	1.51376E-4
1096	1.51761E-4
1096.05	1.52146E-4
1096.1	1.52531E-4
1096.15	1.52916E-4
1096.2	1.53302E-4
1096.25	1.53687E-4
1096.3	1.54072E-4
1096.35	1.54457E-4
1096.4	1.54842E-4
1096.45	1.55228E-4
1096.5	1.55613E-4
1096.55	1.55998E-4
1096.6	1.56383E-4
1096.65	1.56768E-4
1096.7	1.57154E-4
1096.75	1.57539E-4
1096.8	1.57924E-4
1096.85	1.58309E-4
1096.9	1.95991E-4
1096.95	1.96376E-4
1097	1.96762E-4
1097.05	1.97147E-4
1097.1	1.60235E-4
1097.15	1.6062E-4
1097.2	1.61006E-4
1097.25	1.98688E-4
1097.3	1.61776E-4
1097.35	1.62161E-4
1097.4	1.62546E-4
1097.45	1.62932E-4
1097.5	1.63317E-4
1097.55	1.63702E-4
1097.6	1.64087E-4
1097.65	1.64472E-4
1097.7	1.64858E-4
1097.75	1.65243E-4
1097.8	1.65628E-4
1097.85	1.66013E-4
1097.9	1.66398E-4
1097.95	1.66784E-4
1098	1.67169E-4
1098.05	1.67554E-4
1098.1	1.67939E-4
1098.15	1.68324E-4
1098.2	1.6871E-4
1098.25	1.31798E-4
1098.3	1.32183E-4
1098.35	1.69865E-4
1098.4	1.7025E-4
1098.45	1.70636E-4
1098.5	1.33724E-4
1098.55	1.34109E-4
1098.6	1.34494E-4
1098.65	1.34879E-4
1098.7	1.35265E-4
1098.75	1.3565E-4
1098.8	1.36035E-4
1098.85	1.3642E-4
1098.9	1.36805E-4
1098.95	1.37191E-4
1099	1.37576E-4
1099.05	1.37961E-4
1099.1	1.38346E-4
1099.15	1.38731E-4
1099.2	1.39117E-4
1099.25	1.39502E-4
1099.3	1.39887E-4
1099.35	1.40272E-4
1099.4	1.40657E-4
1099.45	1.41043E-4
1099.5	1.41428E-4
1099.55	1.41813E-4
1099.6	1.04901E-4
1099.65	1.05287E-4
1099.7	1.05672E-4
1099.75	1.06057E-4
1099.8	1.06442E-4
1099.85	6.95304E-5
1099.9	1.07213E-4
1099.95	1.07598E-4
1100	1.07983E-4
1100.05	1.08368E-4
1100.1	1.08753E-4
1100.15	1.09139E-4
1100.2	7.22268E-5
1100.25	1.09909E-4
1100.3	7.29972E-5
1100.35	7.33824E-5
1100.4	7.37676E-5
1100.45	7.41528E-5
1100.5	7.4538E-5
1100.55	7.49232E-5
1100.6	7.53084E-5
1100.65	7.56936E-5
1100.7	7.60788E-5
1100.75	7.6464E-5
1100.8	7.68492E-5
1100.85	7.72344E-5
1100.9	7.76196E-5
1100.95	7.80048E-5
1101	7.839E-5
1101.05	7.87752E-5
1101.1	7.91604E-5
1101.15	7.95456E-5
1101.2	7.99308E-5
1101.25	8.0316E-5
1101.3	8.07012E-5
1101.35	8.10864E-5
1101.4	4.41747E-5
1101.45	4.45599E-5
1101.5	4.49451E-5
1101.55	8.26272E-5
1101.6	8.30124E-5
1101.65	8.33976E-5
1101.7	8.37828E-5
1101.75	8.4168E-5
1101.8	8.45532E-5
1101.85	8.49384E-5
1101.9	8.53236E-5
1101.95	8.57088E-5
1102	8.6094E-5
1102.05	8.64792E-5
1102.1	8.68644E-5
1102.15	8.72496E-5
1102.2	8.76348E-5
1102.25	5.07231E-5
1102.3	8.84052E-5
1102.35	8.87904E-5
1102.4	8.91756E-5
1102.45	8.95608E-5
1102.5	8.9946E-5
1102.55	9.03312E-5
1102.6	9.07164E-5
1102.65	9.11016E-5
1102.7	9.14868E-5
1102.75	9.1872E-5
1102.8	9.22572E-5
1102.85	9.26425E-5
1102.9	9.30277E-5
1102.95	5.61159E-5
1103	9.37981E-5