860.0	0.000830
860.05	0.000830
860.1	0.000830
860.15	0.000830
860.2	0.000830
860.25	0.000830
860.3	0.000830
860.35	0.000830
860.4	0.000830
860.45	0.000830
860.5	0.000830
860.55	0.000830
860.6	0.000830
860.65	0.000830
860.7	0.000830
860.75	0.000830
860.8	0.000830
860.85	0.000830
860.9	0.000830
860.95	0.000830
861.0	0.000830
861.05	0.000830
861.1	0.000830
861.15	0.000830
861.2	0.000830
861.25	0.000830
861.3	0.000830
861.35	0.000830
861.4	0.000830
861.45	0.000830
861.5	0.000830
861.55	0.000830
861.6	0.000830
861.65	0.000830
861.7	0.000830
861.75	0.000830
861.8	0.000830
861.85	0.000830
861.9	0.000820
861.95	0.000850
862.0	0.00097
862.05	0.00101
862.1	0.00099
862.15	0.00099
862.2	0.00099
862.25	0.00099
862.3	0.00099
862.35	0.00099
862.4	0.00099
862.45	0.00099
862.5	0.00099
862.55	0.00099
862.6	0.00099
862.65	0.00099
862.7	0.00099
862.75	0.00099
862.8	0.00099
862.85	0.00099
862.9	0.00099
862.95	0.00099
863.0	0.00099
863.05	0.00099
863.1	0.00099
863.15	0.00099
863.2	0.00099
863.25	0.00099
863.3	0.00099
863.35	0.00099
863.4	0.00099
863.45	0.00099
863.5	0.00099
863.55	0.00099
863.6	0.00099
863.65	0.00099
863.7	0.00099
863.75	0.00099
863.8	0.00099
863.85	0.00099
863.9	0.00099
863.95	0.00099
864.0	0.00099
864.05	0.00099
864.1	0.00099
864.15	0.00099
864.2	0.00099
864.25	0.00099
864.3	0.00099
864.35	0.00099
864.4	0.00099
864.45	0.00099
864.5	0.00099
864.55	0.00099
864.6	0.00099
864.65	0.00099
864.7	0.00099
864.75	0.00099
864.8	0.00099
864.85	0.00099
864.9	0.00099
864.95	0.00099
865.0	0.00099
865.05	0.00099
865.1	0.00099
865.15	0.00099
865.2	0.00099
865.25	0.00099
865.3	0.00099
865.35	0.00099
865.4	0.00099
865.45	0.00099
865.5	0.00099
865.55	0.00099
865.6	0.00099
865.65	0.00099
865.7	0.00099
865.75	0.00099
865.8	0.00099
865.85	0.00099
865.9	0.00099
865.95	0.00099
866.0	0.00099
866.05	0.00099
866.1	0.00099
866.15	0.00099
866.2	0.00099
866.25	0.00099
866.3	0.00099
866.35	0.00099
866.4	0.00099
866.45	0.00099
866.5	0.00099
866.55	0.00099
866.6	0.00099
866.65	0.00099
866.7	0.00099
866.75	0.00099
866.8	0.00099
866.85	0.00099
866.9	0.00099
866.95	0.00099
867.0	0.00099
867.05	0.00099
867.1	0.00099
867.15	0.00099
867.2	0.00099
867.25	0.00099
867.3	0.00099
867.35	0.00099
867.4	0.00099
867.45	0.00099
867.5	0.00099
867.55	0.00099
867.6	0.00099
867.65	0.00099
867.7	0.00099
867.75	0.00099
867.8	0.00099
867.85	0.00099
867.9	0.00099
867.95	0.00099
868.0	0.00099
868.05	0.00099
868.1	0.00099
868.15	0.00099
868.2	0.00099
868.25	0.00099
868.3	0.00099
868.35	0.00099
868.4	0.00099
868.45	0.00099
868.5	0.001
868.55	0.00111
868.6	0.00117
868.65	0.00116
868.7	0.00116
868.75	0.00116
868.8	0.00116
868.85	0.00116
868.9	0.00116
868.95	0.00116
869.0	0.00116
869.05	0.00116
869.1	0.00116
869.15	0.00116
869.2	0.00116
869.25	0.00116
869.3	0.00116
869.35	0.00116
869.4	0.00116
869.45	0.00116
869.5	0.00116
869.55	0.00116
869.6	0.00116
869.65	0.00116
869.7	0.001150
869.75	0.001140
869.8	0.001300
869.85	0.0015
869.9	0.0015
869.95	0.001490
870.0	0.001490
870.05	0.001490
870.1	0.001490
870.15	0.001490
870.2	0.001490
870.25	0.001490
870.3	0.001490
870.35	0.001490
870.4	0.001490
870.45	0.001490
870.5	0.001490
870.55	0.001490
870.6	0.001490
870.65	0.0015
870.7	0.00141
870.75	0.001320
870.8	0.001320
870.85	0.00141
870.9	0.0015
870.95	0.001490
871.0	0.001490
871.05	0.0015
871.1	0.0015
871.15	0.001400
871.2	0.001320
871.25	0.00133
871.3	0.001320
871.35	0.00136
871.4	0.001480
871.45	0.0015
871.5	0.001490
871.55	0.001490
871.6	0.001490
871.65	0.001490
871.7	0.001490
871.75	0.001490
871.8	0.001490
871.85	0.001490
871.9	0.0015
871.95	0.001450
872.0	0.00134
872.05	0.001310
872.1	0.001370
872.15	0.001480
872.2	0.0015
872.25	0.001490
872.3	0.001490
872.35	0.001490
872.4	0.001490
872.45	0.001490
872.5	0.0015
872.55	0.00144
872.6	0.00133
872.65	0.001320
872.7	0.00133
872.75	0.00133
872.8	0.001320
872.85	0.001380
872.9	0.001490
872.95	0.0015
873.0	0.001490
873.05	0.001490
873.1	0.001490
873.15	0.0015
873.2	0.001480
873.25	0.001370
873.3	0.001310
873.35	0.00134
873.4	0.001450
873.45	0.0015
873.5	0.001490
873.55	0.001490
873.6	0.001490
873.65	0.001490
873.7	0.001490
873.75	0.001490
873.8	0.001490
873.85	0.001490
873.9	0.0015
873.95	0.001480
874.0	0.00136
874.05	0.001320
874.1	0.00133
874.15	0.00133
874.2	0.001320
874.25	0.00135
874.3	0.001460
874.35	0.0015
874.4	0.001490
874.45	0.001490
874.5	0.001490
874.55	0.001490
874.6	0.001490
874.65	0.001490
874.7	0.001490
874.75	0.001490
874.8	0.001490
874.85	0.001490
874.9	0.001490
874.95	0.001490
875.0	0.001490
875.05	0.001490
875.1	0.001490
875.15	0.001490
875.2	0.001490
875.25	0.001490
875.3	0.0015
875.35	0.0015
875.4	0.001390
875.45	0.00135
875.5	0.001470
875.55	0.0015
875.6	0.001490
875.65	0.001490
875.7	0.001490
875.75	0.001490
875.8	0.001490
875.85	0.001490
875.9	0.001490
875.95	0.001490
876.0	0.001490
876.05	0.0015
876.1	0.001490
876.15	0.001390
876.2	0.001310
876.25	0.00133
876.3	0.00143
876.35	0.0015
876.4	0.001490
876.45	0.001490
876.5	0.001490
876.55	0.001490
876.6	0.001490
876.65	0.001490
876.7	0.001490
876.75	0.0015
876.8	0.00144
876.85	0.00133
876.9	0.001310
876.95	0.001380
877.0	0.001490
877.05	0.0015
877.1	0.001490
877.15	0.001490
877.2	0.001490
877.25	0.001490
877.3	0.001490
877.35	0.001490
877.4	0.001490
877.45	0.001490
877.5	0.0015
877.55	0.00143
877.6	0.00133
877.65	0.001310
877.7	0.001390
877.75	0.001490
877.8	0.0015
877.85	0.001490
877.9	0.001490
877.95	0.001490
878.0	0.001490
878.05	0.001490
878.1	0.001490
878.15	0.001490
878.2	0.001490
878.25	0.0015
878.3	0.00142
878.35	0.001320
878.4	0.001320
878.45	0.001400
878.5	0.0015
878.55	0.0015
878.6	0.001490
878.65	0.001490
878.7	0.001490
878.75	0.001490
878.8	0.001490
878.85	0.001490
878.9	0.0015
878.95	0.001470
879.0	0.00135
879.05	0.001310
879.1	0.00136
879.15	0.001470
879.2	0.0015
879.25	0.001490
879.3	0.001490
879.35	0.001490
879.4	0.001490
879.45	0.001490
879.5	0.001490
879.55	0.001490
879.6	0.001490
879.65	0.0015
879.7	0.001460
879.75	0.00134
879.8	0.001310
879.85	0.001370
879.9	0.001480
879.95	0.0015
880.0	0.001490
880.05	0.001490
880.1	0.001490
880.15	0.001490
880.2	0.001490
880.25	0.001490
880.3	0.0015
880.35	0.001490
880.4	0.001390
880.45	0.001310
880.5	0.00133
880.55	0.00143
880.6	0.0015
880.65	0.001490
880.7	0.001490
880.75	0.001490
880.8	0.001490
880.85	0.001490
880.9	0.001490
880.95	0.001490
881.0	0.001490
881.05	0.0015
881.1	0.001490
881.15	0.001380
881.2	0.001310
881.25	0.00133
881.3	0.00144
881.35	0.0015
881.4	0.001490
881.45	0.001490
881.5	0.001490
881.55	0.001490
881.6	0.001490
881.65	0.001490
881.7	0.001490
881.75	0.001490
881.8	0.0015
881.85	0.001480
881.9	0.001370
881.95	0.001310
882.0	0.00134
882.05	0.001450
882.1	0.0015
882.15	0.001490
882.2	0.001490
882.25	0.001490
882.3	0.001490
882.35	0.001490
882.4	0.001490
882.45	0.001490
882.5	0.0015
882.55	0.00142
882.6	0.001320
882.65	0.001320
882.7	0.001400
882.75	0.0015
882.8	0.0015
882.85	0.001490
882.9	0.001490
882.95	0.001490
883.0	0.001490
883.05	0.001490
883.1	0.001490
883.15	0.001490
883.2	0.001490
883.25	0.0015
883.3	0.00141
883.35	0.001320
883.4	0.00133
883.45	0.00133
883.5	0.00133
883.55	0.00133
883.6	0.00133
883.65	0.00133
883.7	0.00133
883.75	0.00133
883.8	0.00133
883.85	0.00133
883.9	0.00133
883.95	0.00133
884.0	0.00133
884.05	0.00133
884.1	0.00133
884.15	0.00133
884.2	0.001320
884.25	0.001370
884.3	0.001480
884.35	0.0015
884.4	0.001490
884.45	0.001490
884.5	0.001490
884.55	0.001490
884.6	0.001490
884.65	0.001490
884.7	0.001490
884.75	0.001490
884.8	0.001490
884.85	0.001490
884.9	0.001490
884.95	0.001490
885.0	0.001490
885.05	0.001490
885.1	0.001490
885.15	0.001490
885.2	0.001490
885.25	0.001490
885.3	0.001490
885.35	0.001490
885.4	0.001490
885.45	0.001490
885.5	0.001490
885.55	0.0015
885.6	0.00143
885.65	0.00133
885.7	0.001320
885.75	0.00133
885.8	0.00133
885.85	0.00133
885.9	0.00133
885.95	0.00133
886.0	0.00133
886.05	0.00133
886.1	0.00133
886.15	0.00133
886.2	0.00133
886.25	0.00133
886.3	0.00133
886.35	0.00133
886.4	0.00133
886.45	0.00133
886.5	0.00133
886.55	0.00133
886.6	0.00133
886.65	0.00133
886.7	0.00133
886.75	0.00133
886.8	0.00133
886.85	0.00133
886.9	0.00133
886.95	0.00133
887.0	0.00133
887.05	0.00133
887.1	0.00133
887.15	0.00133
887.2	0.00133
887.25	0.00133
887.3	0.00133
887.35	0.00133
887.4	0.00133
887.45	0.00133
887.5	0.00133
887.55	0.00133
887.6	0.00133
887.65	0.00133
887.7	0.00133
887.75	0.00133
887.8	0.00133
887.85	0.00133
887.9	0.00133
887.95	0.00133
888.0	0.00133
888.05	0.00133
888.1	0.00133
888.15	0.00133
888.2	0.00133
888.25	0.00133
888.3	0.00133
888.35	0.00133
888.4	0.00133
888.45	0.00133
888.5	0.00133
888.55	0.00133
888.6	0.00133
888.65	0.00133
888.7	0.00133
888.75	0.00133
888.8	0.00133
888.85	0.00133
888.9	0.00133
888.95	0.00133
889.0	0.00133
889.05	0.00133
889.1	0.00133
889.15	0.00133
889.2	0.001320
889.25	0.001380
889.3	0.001490
889.35	0.0015
889.4	0.001490
889.45	0.001490
889.5	0.001490
889.55	0.001490
889.6	0.001490
889.65	0.001490
889.7	0.001490
889.75	0.001490
889.8	0.001490
889.85	0.001490
889.9	0.001490
889.95	0.001490
890.0	0.001490
890.05	0.001490
890.1	0.001490
890.15	0.001490
890.2	0.001490
890.25	0.001490
890.3	0.001490
890.35	0.001490
890.4	0.001490
890.45	0.001490
890.5	0.001490
890.55	0.0015
890.6	0.00142
890.65	0.00133
890.7	0.001320
890.75	0.00133
890.8	0.00133
890.85	0.00133
890.9	0.00133
890.95	0.00133
891.0	0.00133
891.05	0.00133
891.1	0.00133
891.15	0.00133
891.2	0.00133
891.25	0.00133
891.3	0.00133
891.35	0.00133
891.4	0.00133
891.45	0.00133
891.5	0.00133
891.55	0.00133
891.6	0.00133
891.65	0.00133
891.7	0.00133
891.75	0.00133
891.8	0.00133
891.85	0.00133
891.9	0.00133
891.95	0.00133
892.0	0.00133
892.05	0.00133
892.1	0.00133
892.15	0.00133
892.2	0.00133
892.25	0.00133
892.3	0.00133
892.35	0.00133
892.4	0.00133
892.45	0.00133
892.5	0.00133
892.55	0.00133
892.6	0.00133
892.65	0.00133
892.7	0.00133
892.75	0.00133
892.8	0.00133
892.85	0.00133
892.9	0.00133
892.95	0.00133
893.0	0.00133
893.05	0.00133
893.1	0.00133
893.15	0.00133
893.2	0.00133
893.25	0.00133
893.3	0.00133
893.35	0.00133
893.4	0.00133
893.45	0.00133
893.5	0.00133
893.55	0.00133
893.6	0.00133
893.65	0.00133
893.7	0.00133
893.75	0.00133
893.8	0.00133
893.85	0.00133
893.9	0.00133
893.95	0.00133
894.0	0.00133
894.05	0.00133
894.1	0.00133
894.15	0.00133
894.2	0.00133
894.25	0.00133
894.3	0.00133
894.35	0.00133
894.4	0.00133
894.45	0.00133
894.5	0.00133
894.55	0.00133
894.6	0.00133
894.65	0.00133
894.7	0.00133
894.75	0.00133
894.8	0.00133
894.85	0.00133
894.9	0.00133
894.95	0.00133
895.0	0.00133
895.05	0.00133
895.1	0.00133
895.15	0.00133
895.2	0.00133
895.25	0.00133
895.3	0.00133
895.35	0.00133
895.4	0.00133
895.45	0.00133
895.5	0.00133
895.55	0.00133
895.6	0.00133
895.65	0.00133
895.7	0.00133
895.75	0.00133
895.8	0.00133
895.85	0.00133
895.9	0.00133
895.95	0.00133
896.0	0.00133
896.05	0.00133
896.1	0.00133
896.15	0.00133
896.2	0.00133
896.25	0.00133
896.3	0.00133
896.35	0.00133
896.4	0.00133
896.45	0.00133
896.5	0.00133
896.55	0.00133
896.6	0.00133
896.65	0.00133
896.7	0.00133
896.75	0.00133
896.8	0.00133
896.85	0.00133
896.9	0.00133
896.95	0.00133
897.0	0.00133
897.05	0.00133
897.1	0.00133
897.15	0.00133
897.2	0.00133
897.25	0.00133
897.3	0.00133
897.35	0.00133
897.4	0.00133
897.45	0.00133
897.5	0.00133
897.55	0.00133
897.6	0.00133
897.65	0.00133
897.7	0.00133
897.75	0.00133
897.8	0.00133
897.85	0.00133
897.9	0.00133
897.95	0.00133
898.0	0.00133
898.05	0.00133
898.1	0.00133
898.15	0.00133
898.2	0.00133
898.25	0.00133
898.3	0.00133
898.35	0.00133
898.4	0.00133
898.45	0.00133
898.5	0.00133
898.55	0.00133
898.6	0.00133
898.65	0.00133
898.7	0.00133
898.75	0.00133
898.8	0.00133
898.85	0.00133
898.9	0.00133
898.95	0.00133
899.0	0.00133
899.05	0.00133
899.1	0.00133
899.15	0.00133
899.2	0.00133
899.25	0.00133
899.3	0.00133
899.35	0.00133
899.4	0.00133
899.45	0.00133
899.5	0.00133
899.55	0.00133
899.6	0.00133
899.65	0.00133
899.7	0.00133
899.75	0.00133
899.8	0.00133
899.85	0.00133
899.9	0.00133
899.95	0.00133
900.0	0.00133
900.05	0.00133
900.1	0.00133
900.15	0.00133
900.2	0.00133
900.25	0.00133
900.3	0.00133
900.35	0.00133
900.4	0.00133
900.45	0.00133
900.5	0.00133
900.55	0.00133
900.6	0.00133
900.65	0.00133
900.7	0.00133
900.75	0.00133
900.8	0.00133
900.85	0.00133
900.9	0.00133
900.95	0.00133
901.0	0.00133
901.05	0.00133
901.1	0.00133
901.15	0.00133
901.2	0.00133
901.25	0.00133
901.3	0.00133
901.35	0.00133
901.4	0.00133
901.45	0.00133
901.5	0.00133
901.55	0.00133
901.6	0.00133
901.65	0.00133
901.7	0.00133
901.75	0.00133
901.8	0.00133
901.85	0.00133
901.9	0.00133
901.95	0.00133
902.0	0.00133
902.05	0.00133
902.1	0.00133
902.15	0.00133
902.2	0.00133
902.25	0.00133
902.3	0.00133
902.35	0.00133
902.4	0.00133
902.45	0.00133
902.5	0.00133
902.55	0.00133
902.6	0.00133
902.65	0.00133
902.7	0.00133
902.75	0.00133
902.8	0.00133
902.85	0.00133
902.9	0.00133
902.95	0.00133
903.0	0.00133
903.05	0.00133
903.1	0.00133
903.15	0.00133
903.2	0.00133
903.25	0.00133
903.3	0.00133
903.35	0.00133
903.4	0.00133
903.45	0.00133
903.5	0.00133
903.55	0.00133
903.6	0.00133
903.65	0.00133
903.7	0.00133
903.75	0.00133
903.8	0.00133
903.85	0.00133
903.9	0.00133
903.95	0.00133
904.0	0.00133
904.05	0.00133
904.1	0.00133
904.15	0.00133
904.2	0.00133
904.25	0.001290
904.3	0.00143
904.35	0.001900
904.4	0.00203
904.45	0.00199
904.5	0.00199
904.55	0.00199
904.6	0.00199
904.65	0.00199
904.7	0.00199
904.75	0.00199
904.8	0.00199
904.85	0.00199
904.9	0.00199
904.95	0.00199
905.0	0.00199
905.05	0.00199
905.1	0.00199
905.15	0.00199
905.2	0.00199
905.25	0.00199
905.3	0.00199
905.35	0.00199
905.4	0.00199
905.45	0.00199
905.5	0.00199
905.55	0.00199
905.6	0.00199
905.65	0.00199
905.7	0.00199
905.75	0.00199
905.8	0.00199
905.85	0.00199
905.9	0.00199
905.95	0.00199
906.0	0.00199
906.05	0.00199
906.1	0.00199
906.15	0.00199
906.2	0.00198
906.25	0.00204
906.3	0.00216
906.35	0.00217
906.4	0.00216
906.45	0.00216
906.5	0.00216
906.55	0.00216
906.6	0.00216
906.65	0.00216
906.7	0.00216
906.75	0.00216
906.8	0.00216
906.85	0.00216
906.9	0.00216
906.95	0.00216
907.0	0.00216
907.05	0.00216
907.1	0.00216
907.15	0.00216
907.2	0.00216
907.25	0.00216
907.3	0.00216
907.35	0.00216
907.4	0.00216
907.45	0.00216
907.5	0.00216
907.55	0.00216
907.6	0.00216
907.65	0.00216
907.7	0.00217
907.75	0.002080
907.8	0.00198
907.85	0.00198
907.9	0.00199
907.95	0.00199
908.0	0.00199
908.05	0.00199
908.1	0.00199
908.15	0.00199
908.2	0.00199
908.25	0.00199
908.3	0.00199
908.35	0.00199
908.4	0.00199
908.45	0.00199
908.5	0.00199
908.55	0.00199
908.6	0.00199
908.65	0.00199
908.7	0.00199
908.75	0.00199
908.8	0.00199
908.85	0.00199
908.9	0.00199
908.95	0.00199
909.0	0.00199
909.05	0.00199
909.1	0.00199
909.15	0.00199
909.2	0.00199
909.25	0.00199
909.3	0.00199
909.35	0.00199
909.4	0.00199
909.45	0.00199
909.5	0.00199
909.55	0.00199
909.6	0.00199
909.65	0.00199
909.7	0.00199
909.75	0.00199
909.8	0.00199
909.85	0.00199
909.9	0.00199
909.95	0.00199
910.0	0.00199
910.05	0.00199
910.1	0.00199
910.15	0.00199
910.2	0.00199
910.25	0.00199
910.3	0.00199
910.35	0.00199
910.4	0.00199
910.45	0.00199
910.5	0.00199
910.55	0.00199
910.6	0.00199
910.65	0.00198
910.7	0.00199
910.75	0.002110
910.8	0.00217
910.85	0.00216
910.9	0.00216
910.95	0.00216
911.0	0.00216
911.05	0.00216
911.1	0.00216
911.15	0.00216
911.2	0.00216
911.25	0.00216
911.3	0.00216
911.35	0.00216
911.4	0.00216
911.45	0.00216
911.5	0.00216
911.55	0.00216
911.6	0.00216
911.65	0.00216
911.7	0.00216
911.75	0.00216
911.8	0.00216
911.85	0.00216
911.9	0.00216
911.95	0.00216
912.0	0.00216
912.05	0.00216
912.1	0.00216
912.15	0.00216
912.2	0.00216
912.25	0.00216
912.3	0.00216
912.35	0.00216
912.4	0.00216
912.45	0.00216
912.5	0.00216
912.55	0.00216
912.6	0.00216
912.65	0.00214
912.7	0.002130
912.75	0.0025
912.8	0.00284
912.85	0.00282
912.9	0.003080
912.95	0.00334
913.0	0.00333
913.05	0.003320
913.1	0.003320
913.15	0.003320
913.2	0.003320
913.25	0.003320
913.3	0.003320
913.35	0.003320
913.4	0.003320
913.45	0.003320
913.5	0.003320
913.55	0.003320
913.6	0.003320
913.65	0.003320
913.7	0.003320
913.75	0.003320
913.8	0.003320
913.85	0.003320
913.9	0.003320
913.95	0.003320
914.0	0.003320
914.05	0.003320
914.1	0.003320
914.15	0.003320
914.2	0.003320
914.25	0.003320
914.3	0.003320
914.35	0.003320
914.4	0.003320
914.45	0.003320
914.5	0.003320
914.55	0.003290
914.6	0.003470
914.65	0.003810
914.7	0.003830
914.75	0.003810
914.8	0.003810
914.85	0.003810
914.9	0.003810
914.95	0.003810
915.0	0.003810
915.05	0.003810
915.1	0.003810
915.15	0.003810
915.2	0.003810
915.25	0.003810
915.3	0.003810
915.35	0.003810
915.4	0.003810
915.45	0.003810
915.5	0.003810
915.55	0.003810
915.6	0.003800
915.65	0.00388
915.7	0.00398
915.75	0.003990
915.8	0.00398
915.85	0.00398
915.9	0.00398
915.95	0.00398
916.0	0.00398
916.05	0.003970
916.1	0.00405
916.15	0.004160
916.2	0.004160
916.25	0.00411
916.3	0.00422
916.35	0.00468
916.4	0.00483
916.45	0.00485
916.5	0.00508
916.55	0.005160
916.6	0.00513
916.65	0.00512
916.7	0.00538
916.75	0.00566
916.8	0.005650
916.85	0.00564
916.9	0.00564
916.95	0.00564
917.0	0.00564
917.05	0.00564
917.1	0.00564
917.15	0.00560
917.2	0.00576
917.25	0.00622
917.3	0.00634
917.35	0.00630
917.4	0.00630
917.45	0.00630
917.5	0.00630
917.55	0.00630
917.6	0.00630
917.65	0.00630
917.7	0.00630
917.75	0.00630
917.8	0.00630
917.85	0.00630
917.9	0.00630
917.95	0.00630
918.0	0.00630
918.05	0.00630
918.1	0.00627
918.15	0.006290
918.2	0.00671
918.25	0.00698
918.3	0.00696
918.35	0.00717
918.4	0.007310
918.45	0.00730
918.5	0.00751
918.55	0.007650
918.6	0.007630
918.65	0.007630
918.7	0.007630
918.75	0.007630
918.8	0.007630
918.85	0.00762
918.9	0.007630
918.95	0.00774
919.0	0.007780
919.05	0.00779
919.1	0.00803
919.15	0.00813
919.2	0.00814
919.25	0.00836
919.3	0.00846
919.35	0.00847
919.4	0.00881
919.45	0.00898
919.5	0.00895
919.55	0.00895
919.6	0.00895
919.65	0.00895
919.7	0.00895
919.75	0.00895
919.8	0.00895
919.85	0.00895
919.9	0.00895
919.95	0.00895
920.0	0.00895
920.05	0.00895
920.1	0.00895
920.15	0.00895
920.2	0.00895
920.25	0.00895
920.3	0.00895
920.35	0.00895
920.4	0.00895
920.45	0.00895
920.5	0.00895
920.55	0.00895
920.6	0.00895
920.65	0.00895
920.7	0.00895
920.75	0.00895
920.8	0.00895
920.85	0.00895
920.9	0.00895
920.95	0.00895
921.0	0.00895
921.05	0.00895
921.1	0.00895
921.15	0.00894
921.2	0.00893
921.25	0.00921
921.3	0.00946
921.35	0.00945
921.4	0.00962
921.45	0.00980
921.5	0.00979
921.55	0.00978
921.6	0.00978
921.65	0.00978
921.7	0.00978
921.75	0.00978
921.8	0.00978
921.85	0.00978
921.9	0.00978
921.95	0.00978
922.0	0.00977
922.05	0.00982
922.1	0.00994
922.15	0.00992
922.2	0.01011
922.25	0.01057
922.3	0.01065
922.35	0.01061
922.4	0.01061
922.45	0.01061
922.5	0.01061
922.55	0.01061
922.6	0.01061
922.65	0.01061
922.7	0.01061
922.75	0.01061
922.8	0.01061
922.85	0.01061
922.9	0.01061
922.95	0.01061
923.0	0.01061
923.05	0.01061
923.1	0.01061
923.15	0.01061
923.2	0.01061
923.25	0.01061
923.3	0.01061
923.35	0.01061
923.4	0.01061
923.45	0.01061
923.5	0.01061
923.55	0.01061
923.6	0.01061
923.65	0.01061
923.7	0.01061
923.75	0.01061
923.8	0.01061
923.85	0.01061
923.9	0.01061
923.95	0.01061
924.0	0.01061
924.05	0.01061
924.1	0.01061
924.15	0.01061
924.2	0.01061
924.25	0.01061
924.3	0.01061
924.35	0.01061
924.4	0.01061
924.45	0.01061
924.5	0.01061
924.55	0.01061
924.6	0.01062
924.65	0.01059
924.7	0.01048
924.75	0.01044
924.8	0.01045
924.85	0.01045
924.9	0.01045
924.95	0.01045
925.0	0.01045
925.05	0.01045
925.1	0.01045
925.15	0.01045
925.2	0.01045
925.25	0.01045
925.3	0.01045
925.35	0.01045
925.4	0.01045
925.45	0.01045
925.5	0.01045
925.55	0.01045
925.6	0.01045
925.65	0.01045
925.7	0.01044
925.75	0.01044
925.8	0.01054
925.85	0.01062
925.9	0.01061
925.95	0.01061
926.0	0.0106
926.05	0.0106
926.1	0.0108
926.15	0.01093
926.2	0.01093
926.25	0.01133
926.3	0.01163
926.35	0.01161
926.4	0.01181
926.45	0.01196
926.5	0.01194
926.55	0.01194
926.6	0.01194
926.65	0.01194
926.7	0.01192
926.75	0.01203
926.8	0.01226
926.85	0.01229
926.9	0.01227
926.95	0.01227
927.0	0.01225
927.05	0.01237
927.1	0.01259
927.15	0.01257
927.2	0.01281
927.25	0.01326
927.3	0.01330
927.35	0.01327
927.4	0.01327
927.45	0.01327
927.5	0.01327
927.55	0.01327
927.6	0.01327
927.65	0.01327
927.7	0.01327
927.75	0.01327
927.8	0.01327
927.85	0.01327
927.9	0.01327
927.95	0.01327
928.0	0.01327
928.05	0.01327
928.1	0.01327
928.15	0.01327
928.2	0.01327
928.25	0.01327
928.3	0.01327
928.35	0.01327
928.4	0.01327
928.45	0.01327
928.5	0.01327
928.55	0.01327
928.6	0.01327
928.65	0.01327
928.7	0.01327
928.75	0.01327
928.8	0.01327
928.85	0.01327
928.9	0.01327
928.95	0.01327
929.0	0.01327
929.05	0.01327
929.1	0.01327
929.15	0.01327
929.2	0.01327
929.25	0.01327
929.3	0.01327
929.35	0.01327
929.4	0.01327
929.45	0.01327
929.5	0.01327
929.55	0.01327
929.6	0.01328
929.65	0.01324
929.7	0.01312
929.75	0.01309
929.8	0.0131
929.85	0.0131
929.9	0.0131
929.95	0.0131
930.0	0.0131
930.05	0.0131
930.1	0.0131
930.15	0.0131
930.2	0.0131
930.25	0.0131
930.3	0.0131
930.35	0.0131
930.4	0.0131
930.45	0.0131
930.5	0.0131
930.55	0.01309
930.6	0.0131
930.65	0.01320
930.7	0.01328
930.75	0.01327
930.8	0.01327
930.85	0.01327
930.9	0.01327
930.95	0.01327
931.0	0.01327
931.05	0.01327
931.1	0.01327
931.15	0.01327
931.2	0.01327
931.25	0.01327
931.3	0.01327
931.35	0.01327
931.4	0.01327
931.45	0.01327
931.5	0.01327
931.55	0.01327
931.6	0.01324
931.65	0.01327
931.7	0.01372
931.75	0.01395
931.8	0.01393
931.85	0.01416
931.9	0.01426
931.95	0.01427
932.0	0.0145
932.05	0.01461
932.1	0.01459
932.15	0.01459
932.2	0.01459
932.25	0.01459
932.3	0.01457
932.35	0.01472
932.4	0.01492
932.45	0.01491
932.5	0.01506
932.55	0.01527
932.6	0.01526
932.65	0.01533
932.7	0.01542
932.75	0.01541
932.8	0.01556
932.85	0.01576
932.9	0.01576
932.95	0.01575
933.0	0.01576
933.05	0.01577
933.1	0.01560
933.15	0.01541
933.2	0.01541
933.25	0.01542
933.3	0.01542
933.35	0.01542
933.4	0.01542
933.45	0.01542
933.5	0.01542
933.55	0.01542
933.6	0.01542
933.65	0.01542
933.7	0.01542
933.75	0.01542
933.8	0.01542
933.85	0.01542
933.9	0.01542
933.95	0.01542
934.0	0.01542
934.05	0.01542
934.1	0.01542
934.15	0.01542
934.2	0.01542
934.25	0.01542
934.3	0.0154
934.35	0.01549
934.4	0.01572
934.45	0.01579
934.5	0.01568
934.55	0.01545
934.6	0.0154
934.65	0.01542
934.7	0.01542
934.75	0.01544
934.8	0.01536
934.85	0.01519
934.9	0.01516
934.95	0.01517
935.0	0.01517
935.05	0.01516
935.1	0.01523
935.15	0.01535
935.2	0.01520
935.25	0.01521
935.3	0.01546
935.35	0.01545
935.4	0.01566
935.45	0.01612
935.5	0.01616
935.55	0.01622
935.6	0.01642
935.65	0.01643
935.7	0.01642
935.75	0.01642
935.8	0.01642
935.85	0.0164
935.9	0.01642
935.95	0.01665
936.0	0.01675
936.05	0.01676
936.1	0.01698
936.15	0.0171
936.2	0.01708
936.25	0.01708
936.3	0.01708
936.35	0.01708
936.4	0.01708
936.45	0.01708
936.5	0.01708
936.55	0.01708
936.6	0.01708
936.65	0.01708
936.7	0.01708
936.75	0.01708
936.8	0.01708
936.85	0.01708
936.9	0.01708
936.95	0.01708
937.0	0.01708
937.05	0.01708
937.1	0.01708
937.15	0.01708
937.2	0.01708
937.25	0.01708
937.3	0.01708
937.35	0.01708
937.4	0.01708
937.45	0.01708
937.5	0.01708
937.55	0.01706
937.6	0.01704
937.65	0.01748
937.7	0.01793
937.75	0.01792
937.8	0.01807
937.85	0.01825
937.9	0.01825
937.95	0.01824
938.0	0.01824
938.05	0.01824
938.1	0.01824
938.15	0.01824
938.2	0.01824
938.25	0.01824
938.3	0.01823
938.35	0.01823
938.4	0.01842
938.45	0.01858
938.5	0.01857
938.55	0.01875
938.6	0.0189
938.65	0.0189
938.7	0.01909
938.75	0.01925
938.8	0.01924
938.85	0.01943
938.9	0.01959
938.95	0.01957
939.0	0.01957
939.05	0.01958
939.1	0.01958
939.15	0.01937
939.2	0.01922
939.25	0.01924
939.3	0.01924
939.35	0.01924
939.4	0.01924
939.45	0.01924
939.5	0.01924
939.55	0.01924
939.6	0.01918
939.65	0.01953
939.7	0.02021
939.75	0.02028
939.8	0.02023
939.85	0.02023
939.9	0.02021
939.95	0.02033
940.0	0.02056
940.05	0.02058
940.1	0.02056
940.15	0.02056
940.2	0.02056
940.25	0.02056
940.3	0.02056
940.35	0.02054
940.4	0.02068
940.45	0.02089
940.5	0.02088
940.55	0.02101
940.6	0.02123
940.65	0.02123
940.7	0.02136
940.75	0.02157
940.8	0.02157
940.85	0.02156
940.9	0.02156
940.95	0.02156
941.0	0.02152
941.05	0.02161
941.1	0.02207
941.15	0.02224
941.2	0.02225
941.25	0.02248
941.3	0.02255
941.35	0.02258
941.4	0.02281
941.45	0.0229
941.5	0.02288
941.55	0.02288
941.6	0.02288
941.65	0.02288
941.7	0.02288
941.75	0.02288
941.8	0.02288
941.85	0.02288
941.9	0.02286
941.95	0.02293
942.0	0.02317
942.05	0.02323
942.1	0.02324
942.15	0.02336
942.2	0.02332
942.25	0.02357
942.3	0.02438
942.35	0.02461
942.4	0.02454
942.45	0.02454
942.5	0.02454
942.55	0.02454
942.6	0.02454
942.65	0.02452
942.7	0.02461
942.75	0.02484
942.8	0.02489
942.85	0.02486
942.9	0.02486
942.95	0.02506
943.0	0.02522
943.05	0.02521
943.1	0.02540
943.15	0.02555
943.2	0.02554
943.25	0.02574
943.3	0.02588
943.35	0.02587
943.4	0.02607
943.45	0.02619
943.5	0.02619
943.55	0.02661
943.6	0.02688
943.65	0.02686
943.7	0.02708
943.75	0.02722
943.8	0.02720
943.85	0.02720
943.9	0.02720
943.95	0.02720
944.0	0.02720
944.05	0.02720
944.1	0.02720
944.15	0.02720
944.2	0.02718
944.25	0.02720
944.3	0.02743
944.35	0.02753
944.4	0.02753
944.45	0.02776
944.5	0.02786
944.55	0.02787
944.6	0.02808
944.65	0.02833
944.7	0.02852
944.75	0.02853
944.8	0.02852
944.85	0.02852
944.9	0.02852
944.95	0.02852
945.0	0.02851
945.05	0.02848
945.1	0.02879
945.15	0.02920
945.2	0.02920
945.25	0.02932
945.3	0.02953
945.35	0.02953
945.4	0.02952
945.45	0.02952
945.5	0.02952
945.55	0.02952
945.6	0.02952
945.65	0.02952
945.7	0.02952
945.75	0.02951
945.8	0.02950
945.85	0.02967
945.9	0.02985
945.95	0.02984
946.0	0.03001
946.05	0.03018
946.1	0.03017
946.15	0.03034
946.2	0.03052
946.25	0.03052
946.3	0.03051
946.35	0.03051
946.4	0.03051
946.45	0.03049
946.5	0.03056
946.55	0.0308
946.6	0.03082
946.65	0.03096
946.7	0.03143
946.75	0.03153
946.8	0.03157
946.85	0.0318
946.9	0.03186
946.95	0.03184
947.0	0.03184
947.05	0.03184
947.1	0.03184
947.15	0.03184
947.2	0.03184
947.25	0.03184
947.3	0.03184
947.35	0.03183
947.4	0.03188
947.45	0.032
947.5	0.03198
947.55	0.03217
947.6	0.03263
947.65	0.03267
947.7	0.0328
947.75	0.03315
947.8	0.03318
947.85	0.03326
947.9	0.03349
947.95	0.03352
948.0	0.0335
948.05	0.0335
948.1	0.03348
948.15	0.03360
948.2	0.03383
948.25	0.03385
948.3	0.03380
948.35	0.03383
948.4	0.03428
948.45	0.03448
948.5	0.0345
948.55	0.03518
948.6	0.03552
948.65	0.03550
948.7	0.03595
948.75	0.03619
948.8	0.03615
948.85	0.03615
948.9	0.03615
948.95	0.03615
949.0	0.03615
949.05	0.03615
949.1	0.03615
949.15	0.03615
949.2	0.03613
949.25	0.03617
949.3	0.0364
949.35	0.03648
949.4	0.03650
949.45	0.03673
949.5	0.03677
949.55	0.03689
949.6	0.03759
949.65	0.03785
949.7	0.03784
949.75	0.03807
949.8	0.03814
949.85	0.03817
949.9	0.03840
949.95	0.03849
950.0	0.03847
950.05	0.03847
950.1	0.03847
950.15	0.03846
950.2	0.03845
950.25	0.03863
950.3	0.03881
950.35	0.0388
950.4	0.03888
950.45	0.03897
950.5	0.03896
950.55	0.03914
950.6	0.0393
950.65	0.03928
950.7	0.03964
950.75	0.04
950.8	0.03999
950.85	0.03997
950.9	0.03995
950.95	0.03995
951.0	0.04023
951.05	0.04046
951.1	0.04045
951.15	0.04083
951.2	0.04115
951.25	0.04113
951.3	0.04132
951.35	0.04147
951.4	0.04146
951.45	0.04165
951.5	0.04180
951.55	0.04179
951.6	0.04199
951.65	0.04213
951.7	0.04212
951.75	0.04230
951.8	0.04255
951.85	0.04277
951.9	0.04278
951.95	0.04287
952.0	0.04311
952.05	0.04308
952.1	0.04339
952.15	0.04408
952.2	0.04412
952.25	0.04430
952.3	0.04476
952.35	0.04480
952.4	0.04477
952.45	0.04477
952.5	0.04475
952.55	0.04488
952.6	0.04511
952.65	0.04509
952.7	0.04533
952.75	0.04577
952.8	0.04576
952.85	0.04599
952.9	0.04643
952.95	0.04644
953.0	0.04655
953.05	0.04676
953.1	0.04675
953.15	0.04688
953.2	0.0471
953.25	0.04711
953.3	0.0471
953.35	0.04709
953.4	0.04706
953.45	0.04736
953.5	0.04776
953.55	0.04773
953.6	0.04816
953.65	0.04877
953.7	0.04879
953.75	0.04871
953.8	0.0488
953.85	0.04927
953.9	0.04944
953.95	0.04945
954.0	0.04968
954.05	0.04973
954.1	0.04982
954.15	0.05028
954.2	0.05043
954.25	0.05045
954.3	0.05068
954.35	0.05072
954.4	0.05082
954.45	0.05129
954.5	0.05139
954.55	0.05155
954.6	0.05224
954.65	0.05244
954.7	0.05245
954.75	0.05268
954.8	0.05273
954.85	0.05278
954.9	0.05302
954.95	0.05303
955.0	0.05324
955.05	0.05393
955.1	0.05404
955.15	0.0543
955.2	0.05524
955.25	0.05547
955.3	0.05537
955.35	0.05537
955.4	0.05576
955.45	0.05606
955.5	0.05604
955.55	0.05643
955.6	0.05673
955.65	0.05671
955.7	0.05691
955.75	0.05704
955.8	0.05704
955.85	0.05744
955.9	0.05773
955.95	0.05771
956.0	0.05791
956.05	0.05804
956.1	0.05804
956.15	0.05824
956.2	0.05837
956.25	0.05837
956.3	0.05858
956.35	0.05869
956.4	0.05869
956.45	0.05913
956.5	0.05938
956.55	0.05937
956.6	0.05980
956.65	0.06005
956.7	0.06003
956.75	0.06025
956.8	0.06036
956.85	0.06036
956.9	0.06059
956.95	0.06069
957.0	0.06069
957.05	0.06093
957.1	0.06103
957.15	0.06103
957.2	0.06122
957.25	0.06162
957.3	0.06203
957.35	0.06203
957.4	0.06214
957.45	0.06235
957.5	0.0623
957.55	0.06279
957.6	0.06353
957.65	0.06354
957.7	0.06364
957.75	0.06385
957.8	0.06384
957.85	0.06405
957.9	0.06434
957.95	0.06432
958.0	0.06462
958.05	0.065
958.1	0.06495
958.15	0.06572
958.2	0.0667
958.25	0.0667
958.3	0.06681
958.35	0.067
958.4	0.06698
958.45	0.0673
958.5	0.06767
958.55	0.06765
958.6	0.06797
958.65	0.06832
958.7	0.06829
958.75	0.0688
958.8	0.06934
958.85	0.06932
958.9	0.0696
958.95	0.07013
959.0	0.07071
959.05	0.07078
959.1	0.07103
959.15	0.07196
959.2	0.07219
959.25	0.07223
959.3	0.07257
959.35	0.0726
959.4	0.07282
959.45	0.07352
959.5	0.07358
959.55	0.07396
959.6	0.07512
959.65	0.07533
959.7	0.0755
959.75	0.07619
959.8	0.07632
959.85	0.07635
959.9	0.07658
959.95	0.07655
960.0	0.07688
960.05	0.0777
960.1	0.07783
960.15	0.07786
960.2	0.07809
960.25	0.07811
960.3	0.0782
960.35	0.07842
960.4	0.07835
960.45	0.07889
960.5	0.08004
960.55	0.08005
960.6	0.08071
960.65	0.08219
960.7	0.08234
960.75	0.08232
960.8	0.08257
960.85	0.08304
960.9	0.08319
960.95	0.08325
961.0	0.0847
961.05	0.0855
961.1	0.0854
961.15	0.08586
961.2	0.0861
961.25	0.08607
961.3	0.0863
961.35	0.08637
961.4	0.08642
961.45	0.0871
961.5	0.08733
961.55	0.08747
961.6	0.08908
961.65	0.08983
961.7	0.08975
961.75	0.09021
961.8	0.09041
961.85	0.09039
961.9	0.0905
961.95	0.09041
962.0	0.0907
962.05	0.09244
962.1	0.09309
962.15	0.09316
962.2	0.09431
962.25	0.09478
962.3	0.09472
962.35	0.09495
962.4	0.09484
962.45	0.09532
962.5	0.09768
962.55	0.09977
962.6	0.10089
962.65	0.10087
962.7	0.10121
962.75	0.10168
962.8	0.10165
962.85	0.10197
962.9	0.10223
962.95	0.10212
963.0	0.10466
963.05	0.10728
963.1	0.10718
963.15	0.10812
963.2	0.1092
963.25	0.10916
963.3	0.10929
963.35	0.10946
963.4	0.10945
963.45	0.10962
963.5	0.10953
963.55	0.10948
963.6	0.11433
963.65	0.11861
963.7	0.11837
963.75	0.11897
963.8	0.11956
963.85	0.11952
963.9	0.12088
963.95	0.12196
964.0	0.12189
964.05	0.12265
964.1	0.12312
964.15	0.12312
964.2	0.12576
964.25	0.12774
964.3	0.12757
964.35	0.12783
964.4	0.1286
964.45	0.1296
964.5	0.1297
964.55	0.12994
964.6	0.13063
964.65	0.13041
964.7	0.13209
964.75	0.13564
964.8	0.13607
964.85	0.13591
964.9	0.13614
964.95	0.13603
965.0	0.13679
965.05	0.13827
965.1	0.13839
965.15	0.13841
965.2	0.13864
965.25	0.13864
965.3	0.13875
965.35	0.13897
965.4	0.13897
965.45	0.13908
965.5	0.1393
965.55	0.13924
965.6	0.13976
965.65	0.14064
965.7	0.14069
965.75	0.14063
965.8	0.14063
965.85	0.14063
965.9	0.14063
965.95	0.14063
966.0	0.14063
966.05	0.14063
966.1	0.14063
966.15	0.14063
966.2	0.14063
966.25	0.14063
966.3	0.14063
966.35	0.14061
966.4	0.14066
966.45	0.14089
966.5	0.14094
966.55	0.14102
966.6	0.14148
966.65	0.14164
966.7	0.14165
966.75	0.14188
966.8	0.14197
966.85	0.14195
966.9	0.14195
966.95	0.14184
967.0	0.14218
967.05	0.14346
967.1	0.14386
967.15	0.14387
967.2	0.14433
967.25	0.14446
967.3	0.14449
967.35	0.14472
967.4	0.14474
967.45	0.1449
967.5	0.14548
967.55	0.14559
967.6	0.14577
967.65	0.14647
967.7	0.14664
967.75	0.14666
967.8	0.14689
967.85	0.14693
967.9	0.1469
967.95	0.14713
968.0	0.14884
968.05	0.15015
968.1	0.15007
968.15	0.15121
968.2	0.15216
968.25	0.15209
968.3	0.15226
968.35	0.15239
968.4	0.15239
968.45	0.15279
968.5	0.15301
968.55	0.15302
968.6	0.15437
968.65	0.15532
968.7	0.15523
968.75	0.15553
968.8	0.15568
968.85	0.1557
968.9	0.15677
968.95	0.15743
969.0	0.15738
969.05	0.15802
969.1	0.15832
969.15	0.15836
969.2	0.15989
969.25	0.16082
969.3	0.16069
969.35	0.16091
969.4	0.16089
969.45	0.16102
969.5	0.16317
969.55	0.16432
969.6	0.16417
969.65	0.16464
969.7	0.16562
969.75	0.16666
969.8	0.1666
969.85	0.16748
969.9	0.16899
969.95	0.16896
970.0	0.16977
970.05	0.17117
970.1	0.1712
970.15	0.17139
970.2	0.17181
970.25	0.17182
970.3	0.17187
970.35	0.17194
970.4	0.17179
970.45	0.17331
970.5	0.17532
970.55	0.17524
970.6	0.17667
970.65	0.17869
970.7	0.17871
970.75	0.17867
970.8	0.17871
970.85	0.17859
970.9	0.18038
970.95	0.18251
971.0	0.18246
971.05	0.18317
971.1	0.18409
971.15	0.18403
971.2	0.1850
971.25	0.18613
971.3	0.1861
971.35	0.18622
971.4	0.18633
971.45	0.18626
971.5	0.18784
971.55	0.19032
971.6	0.19248
971.65	0.19303
971.7	0.19291
971.75	0.19315
971.8	0.1932
971.85	0.19326
971.9	0.19349
971.95	0.19308
972.0	0.19489
972.05	0.20007
972.1	0.20126
972.15	0.20126
972.2	0.20247
972.25	0.20273
972.3	0.20272
972.35	0.20295
972.4	0.20285
972.45	0.20349
972.5	0.20511
972.55	0.2052
972.6	0.20615
972.65	0.20869
972.7	0.20912
972.75	0.20911
972.8	0.20957
972.85	0.20951
972.9	0.21018
972.95	0.21168
973.0	0.21144
973.05	0.21317
973.1	0.21718
973.15	0.21741
973.2	0.21881
973.25	0.22223
973.3	0.22264
973.35	0.22211
973.4	0.22234
973.45	0.22621
973.5	0.22844
973.55	0.22819
973.6	0.22963
973.65	0.23029
973.7	0.23034
973.75	0.23284
973.8	0.2338
973.85	0.23408
973.9	0.23977
973.95	0.24272
974.0	0.24231
974.05	0.24334
974.1	0.24357
974.15	0.24394
974.2	0.24773
974.25	0.2495
974.3	0.24933
974.35	0.25062
974.4	0.25082
974.45	0.25152
974.5	0.25678
974.55	0.25909
974.6	0.2588
974.65	0.25994
974.7	0.26005
974.75	0.26082
974.8	0.26546
974.85	0.26692
974.9	0.26772
974.95	0.27374
975.0	0.27565
975.05	0.27642
975.1	0.28242
975.15	0.28523
975.2	0.28525
975.25	0.28524
975.3	0.28546
975.35	0.28552
975.4	0.28524
975.45	0.29073
975.5	0.29654
975.55	0.29626
975.6	0.30059
975.65	0.30546
975.7	0.30533
975.75	0.30563
975.8	0.30615
975.85	0.30613
975.9	0.30647
975.95	0.30623
976.0	0.3060
976.05	0.31745
976.1	0.3281
976.15	0.3276
976.2	0.32799
976.25	0.32873
976.3	0.32869
976.35	0.32904
976.4	0.329
976.45	0.329
976.5	0.33548
976.55	0.34049
976.6	0.34018
976.65	0.34609
976.7	0.3509
976.75	0.35053
976.8	0.35023
976.85	0.35422
976.9	0.36238
976.95	0.36361
977.0	0.36403
977.05	0.36646
977.1	0.36604
977.15	0.36997
977.2	0.37883
977.25	0.38009
977.3	0.37961
977.35	0.38007
977.4	0.3794
977.45	0.38334
977.5	0.39123
977.55	0.39143
977.6	0.39482
977.65	0.40246
977.7	0.40314
977.75	0.40295
977.8	0.40363
977.85	0.40363
977.9	0.40396
977.95	0.40462
978.0	0.40409
978.05	0.40784
978.1	0.41426
978.15	0.41387
978.2	0.41902
978.25	0.42813
978.3	0.4286
978.35	0.42825
978.4	0.42864
978.45	0.42831
978.5	0.43116
978.55	0.43552
978.6	0.4357
978.65	0.44081
978.7	0.44842
978.75	0.44981
978.8	0.44963
978.85	0.44999
978.9	0.45264
978.95	0.4537
979.0	0.45368
979.05	0.45483
979.1	0.45477
979.15	0.45602
979.2	0.46251
979.25	0.46504
979.3	0.4646
979.35	0.46529
979.4	0.46547
979.45	0.46564
979.5	0.46657
979.55	0.46638
979.6	0.46786
979.65	0.4739
979.7	0.47597
979.75	0.47548
979.8	0.47571
979.85	0.47577
979.9	0.47582
979.95	0.47606
980.0	0.47609
980.05	0.47621
980.1	0.47668
980.15	0.47659
980.2	0.47735
980.25	0.47979
980.3	0.48046
980.35	0.48039
980.4	0.48041
980.45	0.47784
980.5	0.47556
980.55	0.47569
980.6	0.47561
980.65	0.47537
980.7	0.47515
980.75	0.4749
980.8	0.47492
980.85	0.4749
980.9	0.47229
980.95	0.47028
981.0	0.47044
981.05	0.46982
981.1	0.46914
981.15	0.46884
981.2	0.4686
981.25	0.4687
981.3	0.46832
981.35	0.46328
981.4	0.45988
981.45	0.46023
981.5	0.45929
981.55	0.45861
981.6	0.45854
981.65	0.45795
981.7	0.45621
981.75	0.4538
981.8	0.45334
981.85	0.45355
981.9	0.45309
981.95	0.44917
982.0	0.44699
982.05	0.44724
982.1	0.44579
982.15	0.44507
982.2	0.44509
982.25	0.44364
982.3	0.44305
982.35	0.44251
982.4	0.43817
982.45	0.43413
982.5	0.43183
982.55	0.43177
982.6	0.42843
982.65	0.42326
982.7	0.42294
982.75	0.42295
982.8	0.42253
982.85	0.42253
982.9	0.42269
982.95	0.42198
983.0	0.41875
983.05	0.41472
983.1	0.41164
983.15	0.41158
983.2	0.41149
983.25	0.41109
983.3	0.4111
983.35	0.41113
983.4	0.41023
983.45	0.40736
983.5	0.40583
983.55	0.40576
983.6	0.40602
983.65	0.40188
983.7	0.39706
983.75	0.3971
983.8	0.39711
983.85	0.39683
983.9	0.39684
983.95	0.39697
984.0	0.39587
984.05	0.39261
984.1	0.39182
984.15	0.39125
984.2	0.38835
984.25	0.38761
984.3	0.38735
984.35	0.38573
984.4	0.38532
984.45	0.38523
984.5	0.38453
984.55	0.38453
984.6	0.38385
984.65	0.38174
984.7	0.3814
984.75	0.38082
984.8	0.37875
984.85	0.37834
984.9	0.37816
984.95	0.37723
985.0	0.37718
985.05	0.37656
985.1	0.37483
985.15	0.37456
985.2	0.37432
985.25	0.37339
985.3	0.37337
985.35	0.37269
985.4	0.37096
985.45	0.3708
985.5	0.37025
985.55	0.36876
985.6	0.36855
985.65	0.36856
985.7	0.36832
985.75	0.36835
985.8	0.36814
985.85	0.36738
985.9	0.36577
985.95	0.36494
986.0	0.3650
986.05	0.36391
986.1	0.36326
986.15	0.36334
986.2	0.36312
986.25	0.36299
986.3	0.36284
986.35	0.36193
986.4	0.36156
986.45	0.3615
986.5	0.35979
986.55	0.35891
986.6	0.35902
986.65	0.35856
986.7	0.35835
986.75	0.35834
986.8	0.35789
986.85	0.35778
986.9	0.35761
986.95	0.3560
987.0	0.3553
987.05	0.35532
987.1	0.35452
987.15	0.35415
987.2	0.35422
987.25	0.35422
987.3	0.35426
987.35	0.35417
987.4	0.35371
987.45	0.35359
987.5	0.35349
987.55	0.35273
987.6	0.35161
987.65	0.3507
987.7	0.35072
987.75	0.35044
987.8	0.35009
987.85	0.35015
987.9	0.34916
987.95	0.34802
988.0	0.34805
988.05	0.34777
988.1	0.3474
988.15	0.34741
988.2	0.34734
988.25	0.34726
988.3	0.34727
988.35	0.34692
988.4	0.34662
988.45	0.34666
988.5	0.3455
988.55	0.34437
988.6	0.34443
988.65	0.34374
988.7	0.34305
988.75	0.34308
988.8	0.34311
988.85	0.34314
988.9	0.34314
988.95	0.34256
989.0	0.34212
989.05	0.34215
989.1	0.34109
989.15	0.34022
989.2	0.34028
989.25	0.33991
989.3	0.33971
989.35	0.3397
989.4	0.33783
989.45	0.33614
989.5	0.33581
989.55	0.33579
989.6	0.33573
989.65	0.3355
989.7	0.3355
989.75	0.33531
989.8	0.33485
989.85	0.33498
989.9	0.33397
989.95	0.33179
990.0	0.33156
990.05	0.33139
990.1	0.3307
990.15	0.3307
990.2	0.33028
990.25	0.32936
990.3	0.32948
990.35	0.32833
990.4	0.32606
990.45	0.32603
990.5	0.32518
990.55	0.32337
990.6	0.32326
990.65	0.32326
990.7	0.32304
990.75	0.3231
990.8	0.32259
990.85	0.32171
990.9	0.32173
990.95	0.32131
991.0	0.32056
991.05	0.32068
991.1	0.31951
991.15	0.31748
991.2	0.31671
991.25	0.31673
991.3	0.31638
991.35	0.31373
991.4	0.31267
991.45	0.31258
991.5	0.31062
991.55	0.3098
991.6	0.30989
991.65	0.30943
991.7	0.3093
991.75	0.30919
991.8	0.3085
991.85	0.30832
991.9	0.30811
991.95	0.30683
992.0	0.30643
992.05	0.3063
992.1	0.30526
992.15	0.30496
992.2	0.30481
992.25	0.30388
992.3	0.30377
992.35	0.30319
992.4	0.30075
992.45	0.30016
992.5	0.29967
992.55	0.29723
992.6	0.29652
992.65	0.29653
992.7	0.29583
992.75	0.29604
992.8	0.29458
992.85	0.28991
992.9	0.28872
992.95	0.2887
993.0	0.28734
993.05	0.28641
993.1	0.28604
993.15	0.28607
993.2	0.2856
993.25	0.28526
993.3	0.28528
993.35	0.28411
993.4	0.28326
993.45	0.2833
993.5	0.28134
993.55	0.27978
993.6	0.2799
993.65	0.27954
993.7	0.27925
993.75	0.27927
993.8	0.27886
993.85	0.27871
993.9	0.27867
993.95	0.27636
994.0	0.27499
994.05	0.27501
994.1	0.27132
994.15	0.26887
994.2	0.26913
994.25	0.2683
994.3	0.26779
994.35	0.26782
994.4	0.26707
994.45	0.26668
994.5	0.26667
994.55	0.26545
994.6	0.26476
994.65	0.26484
994.7	0.26451
994.75	0.26349
994.8	0.26218
994.85	0.26214
994.9	0.26185
994.95	0.26119
995.0	0.26123
995.05	0.26067
995.1	0.25968
995.15	0.25968
995.2	0.25933
995.25	0.2587
995.3	0.2588
995.35	0.25777
995.4	0.25618
995.45	0.25616
995.5	0.25583
995.55	0.25521
995.6	0.25522
995.65	0.25495
995.7	0.25456
995.75	0.25461
995.8	0.25387
995.85	0.25288
995.9	0.25294
995.95	0.25212
996.0	0.25103
996.05	0.25104
996.1	0.25078
996.15	0.2504
996.2	0.25043
996.25	0.25004
996.3	0.24958
996.35	0.24962
996.4	0.24897
996.45	0.24825
996.5	0.2483
996.55	0.24733
996.6	0.24614
996.65	0.24593
996.7	0.24597
996.75	0.24579
996.8	0.24509
996.85	0.24497
996.9	0.24471
996.95	0.24365
997.0	0.24337
997.05	0.24338
997.1	0.24315
997.15	0.24315
997.2	0.24293
997.25	0.24224
997.3	0.2422
997.35	0.24171
997.4	0.2402
997.45	0.23989
997.5	0.23976
997.55	0.23907
997.6	0.23893
997.65	0.2389
997.7	0.23866
997.75	0.23869
997.8	0.23833
997.85	0.23741
997.9	0.23731
997.95	0.23703
998.0	0.23623
998.05	0.23611
998.1	0.23606
998.15	0.23583
998.2	0.23585
998.25	0.23561
998.3	0.23488
998.35	0.23393
998.4	0.23343
998.45	0.23349
998.5	0.23328
998.55	0.23316
998.6	0.23316
998.65	0.23294
998.7	0.23286
998.75	0.23283
998.8	0.23216
998.85	0.23181
998.9	0.23183
998.95	0.23127
999.0	0.23099
999.05	0.23101
999.1	0.23055
999.15	0.23037
999.2	0.23031
999.25	0.22929
999.3	0.22881
999.35	0.22882
999.4	0.22813
999.45	0.22782
999.5	0.22783
999.55	0.22737
999.6	0.22715
999.65	0.22719
999.7	0.22719
999.75	0.22725
999.8	0.22713
999.85	0.22644
999.9	0.22619
999.95	0.22613
1000.0	0.22543
1000.05	0.22521
1000.1	0.22511
1000.15	0.22421
1000.2	0.22343
1000.25	0.22303
1000.3	0.22305
1000.35	0.22283
1000.4	0.22253
1000.45	0.22253
1000.5	0.22255
1000.55	0.22256
1000.6	0.22258
1000.65	0.22224
1000.7	0.22189
1000.75	0.22192
1000.8	0.22125
1000.85	0.22052
1000.9	0.22054
1000.95	0.2204
1001.0	0.22023
1001.05	0.22024
1001.1	0.22006
1001.15	0.21989
1001.2	0.21991
1001.25	0.21955
1001.3	0.21921
1001.35	0.21923
1001.4	0.21906
1001.45	0.21889
1001.5	0.2189
1001.55	0.21872
1001.6	0.21855
1001.65	0.21856
1001.7	0.21857
1001.75	0.21862
1001.8	0.21861
1001.85	0.21786
1001.9	0.21703
1001.95	0.21661
1002.0	0.21654
1002.05	0.21658
1002.1	0.21658
1002.15	0.21658
1002.2	0.21658
1002.25	0.21658
1002.3	0.2166
1002.35	0.2165
1002.4	0.21627
1002.45	0.21623
1002.5	0.21625
1002.55	0.21625
1002.6	0.21627
1002.65	0.21616
1002.7	0.21592
1002.75	0.21594
1002.8	0.21567
1002.85	0.21511
1002.9	0.21507
1002.95	0.21499
1003.0	0.21475
1003.05	0.21476
1003.1	0.2146
1003.15	0.21426
1003.2	0.21424
1003.25	0.21426
1003.3	0.21426
1003.35	0.21426
1003.4	0.21426
1003.45	0.21426
1003.5	0.21426
1003.55	0.21426
1003.6	0.21426
1003.65	0.21426
1003.7	0.2143
1003.75	0.21423
1003.8	0.21377
1003.85	0.21357
1003.9	0.21357
1003.95	0.21334
1004.0	0.21324
1004.05	0.21326
1004.1	0.21326
1004.15	0.21326
1004.2	0.21326
1004.25	0.21326
1004.3	0.21326
1004.35	0.21326
1004.4	0.21326
1004.45	0.21326
1004.5	0.21326
1004.55	0.21326
1004.6	0.21326
1004.65	0.21326
1004.7	0.21326
1004.75	0.21326
1004.8	0.21326
1004.85	0.21326
1004.9	0.21326
1004.95	0.21326
1005.0	0.21326
1005.05	0.21326
1005.1	0.21326
1005.15	0.21326
1005.2	0.21326
1005.25	0.21326
1005.3	0.21326
1005.35	0.21326
1005.4	0.21326
1005.45	0.21326
1005.5	0.21326
1005.55	0.21326
1005.6	0.21326
1005.65	0.21326
1005.7	0.21324
1005.75	0.21324
1005.8	0.21362
1005.85	0.21394
1005.9	0.21392
1005.95	0.21411
1006.0	0.21428
1006.05	0.21427
1006.1	0.21426
1006.15	0.21426
1006.2	0.21426
1006.25	0.21426
1006.3	0.21426
1006.35	0.21426
1006.4	0.21426
1006.45	0.21425
1006.5	0.21426
1006.55	0.21436
1006.6	0.2144
1006.65	0.21441
1006.7	0.21484
1006.75	0.21509
1006.8	0.21508
1006.85	0.21561
1006.9	0.21594
1006.95	0.21591
1007.0	0.21613
1007.05	0.21627
1007.1	0.21625
1007.15	0.21625
1007.2	0.21623
1007.25	0.21625
1007.3	0.21647
1007.35	0.2166
1007.4	0.21658
1007.45	0.21656
1007.5	0.21669
1007.55	0.21691
1007.6	0.21691
1007.65	0.21702
1007.7	0.21724
1007.75	0.2172
1007.8	0.2176
1007.85	0.21825
1007.9	0.21827
1007.95	0.21836
1008.0	0.21857
1008.05	0.21857
1008.1	0.2187
1008.15	0.21891
1008.2	0.21891
1008.25	0.2189
1008.3	0.2189
1008.35	0.2189
1008.4	0.2189
1008.45	0.2189
1008.5	0.21888
1008.55	0.21904
1008.6	0.21923
1008.65	0.21922
1008.7	0.21937
1008.75	0.21955
1008.8	0.21952
1008.85	0.22001
1008.9	0.22058
1008.95	0.22056
1009.0	0.22086
1009.05	0.22124
1009.1	0.22124
1009.15	0.22118
1009.2	0.22131
1009.25	0.22177
1009.3	0.2219
1009.35	0.22193
1009.4	0.22217
1009.45	0.22222
1009.5	0.22227
1009.55	0.2225
1009.6	0.22255
1009.65	0.2226
1009.7	0.22284
1009.75	0.22289
1009.8	0.22291
1009.85	0.22303
1009.9	0.22304
1009.95	0.22311
1010.0	0.22334
1010.05	0.2234
1010.1	0.22338
1010.15	0.22338
1010.2	0.22328
1010.25	0.2237
1010.3	0.22474
1010.35	0.22494
1010.4	0.22494
1010.45	0.22517
1010.5	0.22522
1010.55	0.2252
1010.6	0.2252
1010.65	0.2252
1010.7	0.2252
1010.75	0.2252
1010.8	0.2252
1010.85	0.22519
1010.9	0.22519
1010.95	0.22541
1011.0	0.22553
1011.05	0.22553
1011.1	0.22574
1011.15	0.22585
1011.2	0.22586
1011.25	0.2263
1011.3	0.22654
1011.35	0.22653
1011.4	0.22697
1011.45	0.22721
1011.5	0.22719
1011.55	0.22741
1011.6	0.22754
1011.65	0.22752
1011.7	0.22752
1011.75	0.22749
1011.8	0.22753
1011.85	0.22799
1011.9	0.22821
1011.95	0.2282
1012.0	0.22843
1012.05	0.22852
1012.1	0.22853
1012.15	0.22876
1012.2	0.22885
1012.25	0.22887
1012.3	0.22909
1012.35	0.22918
1012.4	0.2292
1012.45	0.22943
1012.5	0.22953
1012.55	0.2295
1012.6	0.22947
1012.65	0.22979
1012.7	0.23018
1012.75	0.23014
1012.8	0.23067
1012.85	0.23137
1012.9	0.23137
1012.95	0.23141
1013.0	0.23151
1013.05	0.23151
1013.1	0.2315
1013.15	0.2315
1013.2	0.2315
1013.25	0.2315
1013.3	0.23149
1013.35	0.23148
1013.4	0.23166
1013.45	0.23184
1013.5	0.23184
1013.55	0.23183
1013.6	0.23182
1013.65	0.23182
1013.7	0.232
1013.75	0.23215
1013.8	0.23212
1013.85	0.23285
1013.9	0.23354
1013.95	0.23351
1014.0	0.23366
1014.05	0.23382
1014.1	0.23381
1014.15	0.234
1014.2	0.23417
1014.25	0.23416
1014.3	0.23434
1014.35	0.2345
1014.4	0.23449
1014.45	0.23463
1014.5	0.23498
1014.55	0.23543
1014.6	0.23552
1014.65	0.23548
1014.7	0.23548
1014.75	0.23544
1014.8	0.23564
1014.85	0.23611
1014.9	0.23617
1014.95	0.23623
1015.0	0.23646
1015.05	0.23648
1015.1	0.23657
1015.15	0.2368
1015.2	0.23681
1015.25	0.2369
1015.3	0.23713
1015.35	0.23714
1015.4	0.23724
1015.45	0.23746
1015.5	0.23749
1015.55	0.23747
1015.6	0.23747
1015.65	0.23747
1015.7	0.23747
1015.75	0.23747
1015.8	0.23747
1015.85	0.23747
1015.9	0.23747
1015.95	0.23747
1016.0	0.23747
1016.05	0.23747
1016.1	0.23747
1016.15	0.23747
1016.2	0.23747
1016.25	0.23747
1016.3	0.23747
1016.35	0.23747
1016.4	0.23747
1016.45	0.23747
1016.5	0.23747
1016.55	0.23747
1016.6	0.23747
1016.65	0.23747
1016.7	0.23747
1016.75	0.23747
1016.8	0.23747
1016.85	0.23747
1016.9	0.23747
1016.95	0.23747
1017.0	0.23747
1017.05	0.23747
1017.1	0.23747
1017.15	0.23747
1017.2	0.23747
1017.25	0.23747
1017.3	0.23747
1017.35	0.23747
1017.4	0.23747
1017.45	0.23747
1017.5	0.23747
1017.55	0.23747
1017.6	0.23747
1017.65	0.23749
1017.7	0.23743
1017.75	0.23719
1017.8	0.23714
1017.85	0.23709
1017.9	0.23686
1017.95	0.23681
1018.0	0.23676
1018.05	0.23653
1018.1	0.23646
1018.15	0.23648
1018.2	0.23648
1018.25	0.23648
1018.3	0.23648
1018.35	0.23648
1018.4	0.23648
1018.45	0.23649
1018.5	0.23649
1018.55	0.2363
1018.6	0.23615
1018.65	0.23615
1018.7	0.23596
1018.75	0.2358
1018.8	0.23581
1018.85	0.23562
1018.9	0.23546
1018.95	0.23548
1019.0	0.23548
1019.05	0.23549
1019.1	0.23549
1019.15	0.23528
1019.2	0.23515
1019.25	0.23515
1019.3	0.23495
1019.35	0.23482
1019.4	0.23482
1019.45	0.23461
1019.5	0.23449
1019.55	0.23449
1019.6	0.23428
1019.65	0.23417
1019.7	0.23416
1019.75	0.23374
1019.8	0.23335
1019.85	0.23316
1019.9	0.23316
1019.95	0.23306
1020.0	0.23283
1020.05	0.23283
1020.1	0.23272
1020.15	0.2325
1020.2	0.2325
1020.25	0.23239
1020.3	0.23217
1020.35	0.23219
1020.4	0.23193
1020.45	0.2315
1020.5	0.2315
1020.55	0.23132
1020.6	0.23101
1020.65	0.23104
1020.7	0.23069
1020.75	0.23017
1020.8	0.23018
1020.85	0.22992
1020.9	0.2295
1020.95	0.22948
1021.0	0.22951
1021.05	0.22952
1021.1	0.22955
1021.15	0.22923
1021.2	0.22884
1021.25	0.22886
1021.3	0.22857
1021.35	0.22818
1021.4	0.2282
1021.45	0.22789
1021.5	0.2275
1021.55	0.2275
1021.6	0.22752
1021.65	0.22752
1021.7	0.22752
1021.75	0.22756
1021.8	0.22744
1021.85	0.22697
1021.9	0.22682
1021.95	0.22686
1022.0	0.22686
1022.05	0.22688
1022.1	0.22681
1022.15	0.22658
1022.2	0.22653
1022.25	0.22648
1022.3	0.22624
1022.35	0.22618
1022.4	0.2262
1022.45	0.2262
1022.5	0.2262
1022.55	0.2262
1022.6	0.2262
1022.65	0.22624
1022.7	0.22607
1022.75	0.2256
1022.8	0.22551
1022.85	0.22546
1022.9	0.22523
1022.95	0.2252
1023.0	0.22513
1023.05	0.2249
1023.1	0.22483
1023.15	0.22495
1023.2	0.22518
1023.25	0.22524
1023.3	0.22512
1023.35	0.22489
1023.4	0.22485
1023.45	0.22488
1023.5	0.22488
1023.55	0.22466
1023.6	0.22454
1023.65	0.22454
1023.7	0.22433
1023.75	0.2242
1023.8	0.22421
1023.85	0.2241
1023.9	0.22403
1023.95	0.22404
1024.0	0.22404
1024.05	0.22404
1024.1	0.22404
1024.15	0.22404
1024.2	0.22402
1024.25	0.22404
1024.3	0.22438
1024.35	0.22455
1024.4	0.22454
1024.45	0.22477
1024.5	0.22489
1024.55	0.22487
1024.6	0.22487
1024.65	0.22487
1024.7	0.22487
1024.75	0.22487
1024.8	0.22487
1024.85	0.22487
1024.9	0.22487
1024.95	0.22485
1025.0	0.22489
1025.05	0.22512
1025.1	0.2252
1025.15	0.2252
1025.2	0.22538
1025.25	0.22609
1025.3	0.22689
1025.35	0.22691
1025.4	0.22686
1025.45	0.22685
1025.5	0.22683
1025.55	0.22715
1025.6	0.22754
1025.65	0.22754
1025.7	0.22752
1025.75	0.22752
1025.8	0.22752
1025.85	0.22752
1025.9	0.22751
1025.95	0.2275
1026.0	0.22768
1026.05	0.22784
1026.1	0.22781
1026.15	0.22834
1026.2	0.22888
1026.25	0.22886
1026.3	0.22901
1026.35	0.22919
1026.4	0.22919
1026.45	0.22918
1026.5	0.22916
1026.55	0.22915
1026.6	0.22953
1026.65	0.22985
1026.7	0.22983
1026.75	0.2302
1026.8	0.23054
1026.85	0.23052
1026.9	0.23058
1026.95	0.23075
1027.0	0.23098
1027.05	0.231
1027.1	0.23111
1027.15	0.23146
1027.2	0.23146
1027.25	0.23172
1027.3	0.23242
1027.35	0.23254
1027.4	0.23258
1027.45	0.23281
1027.5	0.23281
1027.55	0.23299
1027.6	0.23345
1027.65	0.23348
1027.7	0.23367
1027.75	0.23413
1027.8	0.23415
1027.85	0.23434
1027.9	0.2348
1027.95	0.23481
1028.0	0.23501
1028.05	0.23546
1028.1	0.23547
1028.15	0.23568
1028.2	0.23614
1028.25	0.23612
1028.3	0.23646
1028.35	0.23714
1028.4	0.23717
1028.45	0.23725
1028.5	0.23747
1028.55	0.23747
1028.6	0.23758
1028.65	0.2378
1028.7	0.23777
1028.75	0.23804
1028.8	0.23866
1028.85	0.23938
1028.9	0.23968
1028.95	0.23964
1029.0	0.23975
1029.05	0.23978
1029.1	0.23981
1029.15	0.24004
1029.2	0.24013
1029.25	0.24015
1029.3	0.24038
1029.35	0.24046
1029.4	0.24048
1029.45	0.24071
1029.5	0.24079
1029.55	0.24082
1029.6	0.24105
1029.65	0.24112
1029.7	0.24115
1029.75	0.24138
1029.8	0.24145
1029.85	0.24148
1029.9	0.24171
1029.95	0.2418
1030.0	0.24178
1030.05	0.24178
1030.1	0.24178
1030.15	0.24178
1030.2	0.24178
1030.25	0.24178
1030.3	0.24178
1030.35	0.24178
1030.4	0.24178
1030.45	0.24178
1030.5	0.24178
1030.55	0.24178
1030.6	0.24178
1030.65	0.24178
1030.7	0.24178
1030.75	0.24178
1030.8	0.24178
1030.85	0.24178
1030.9	0.24178
1030.95	0.24178
1031.0	0.24178
1031.05	0.24178
1031.1	0.24178
1031.15	0.24178
1031.2	0.24178
1031.25	0.24178
1031.3	0.24178
1031.35	0.24178
1031.4	0.24178
1031.45	0.24178
1031.5	0.24179
1031.55	0.24179
1031.6	0.24158
1031.65	0.24146
1031.7	0.24146
1031.75	0.24105
1031.8	0.24075
1031.85	0.24078
1031.9	0.24079
1031.95	0.24079
1032.0	0.24079
1032.05	0.24079
1032.1	0.2408
1032.15	0.24079
1032.2	0.24058
1032.25	0.24044
1032.3	0.24046
1032.35	0.24048
1032.4	0.24036
1032.45	0.24013
1032.5	0.24016
1032.55	0.23992
1032.6	0.23946
1032.65	0.23946
1032.7	0.2393
1032.75	0.23897
1032.8	0.23898
1032.85	0.2388
1032.9	0.23847
1032.95	0.23845
1033.0	0.23847
1033.05	0.23847
1033.1	0.23851
1033.15	0.23823
1033.2	0.2378
1033.25	0.23781
1033.3	0.23755
1033.35	0.23713
1033.4	0.23715
1033.45	0.23688
1033.5	0.23647
1033.55	0.23647
1033.6	0.23635
1033.65	0.23615
1033.7	0.23617
1033.75	0.23587
1033.8	0.23547
1033.85	0.23549
1033.9	0.2352
1033.95	0.2348
1034.0	0.2348
1034.05	0.23486
1034.1	0.23475
1034.15	0.23429
1034.2	0.23418
1034.25	0.23405
1034.3	0.23335
1034.35	0.23314
1034.4	0.23308
1034.45	0.23261
1034.5	0.23251
1034.55	0.23239
1034.6	0.2318
1034.65	0.23168
1034.7	0.23152
1034.75	0.23082
1034.8	0.23061
1034.85	0.23067
1034.9	0.23067
1034.95	0.2307
1035.0	0.23059
1035.05	0.23024
1035.1	0.23019
1035.15	0.23006
1035.2	0.22959
1035.25	0.22953
1035.3	0.22932
1035.35	0.22862
1035.4	0.22852
1035.45	0.22831
1035.5	0.22761
1035.55	0.22757
1035.6	0.22716
1035.65	0.226
1035.7	0.22581
1035.75	0.22571
1035.8	0.22525
1035.85	0.22518
1035.9	0.22514
1035.95	0.2249
1036.0	0.22455
1036.05	0.2244
1036.1	0.22439
1036.15	0.22355
1036.2	0.2230
1036.25	0.22305
1036.3	0.22263
1036.35	0.22238
1036.4	0.22239
1036.45	0.22184
1036.5	0.22158
1036.55	0.22156
1036.6	0.22046
1036.65	0.21984
1036.7	0.21989
1036.75	0.21923
1036.8	0.21886
1036.85	0.2189
1036.9	0.21867
1036.95	0.21862
1037.0	0.21855
1037.05	0.21753
1037.1	0.21706
1037.15	0.21705
1037.2	0.21614
1037.25	0.21572
1037.3	0.21572
1037.35	0.21503
1037.4	0.2147
1037.45	0.21474
1037.5	0.21451
1037.55	0.21446
1037.6	0.21437
1037.65	0.21361
1037.7	0.2128
1037.75	0.21225
1037.8	0.21225
1037.85	0.21213
1037.9	0.21194
1037.95	0.21199
1038.0	0.21138
1038.05	0.21061
1038.1	0.21068
1038.15	0.20968
1038.2	0.2084
1038.25	0.20842
1038.3	0.20801
1038.35	0.20743
1038.4	0.20743
1038.45	0.20746
1038.5	0.20748
1038.55	0.20751
1038.6	0.20699
1038.65	0.20645
1038.7	0.20648
1038.75	0.2059
1038.8	0.20527
1038.85	0.2053
1038.9	0.20497
1038.95	0.20462
1039.0	0.20464
1039.05	0.20447
1039.1	0.20434
1039.15	0.20437
1039.2	0.20344
1039.25	0.20259
1039.3	0.20264
1039.35	0.20229
1039.4	0.20195
1039.45	0.20197
1039.5	0.20202
1039.55	0.20185
1039.6	0.20139
1039.65	0.20137
1039.7	0.20104
1039.75	0.20011
1039.8	0.19996
1039.85	0.19981
1039.9	0.19924
1039.95	0.19921
1040.0	0.19886
1040.05	0.19793
1040.1	0.19782
1040.15	0.19764
1040.2	0.19706
1040.25	0.19698
1040.3	0.19692
1040.35	0.1967
1040.4	0.19668
1040.45	0.19659
1040.5	0.19636
1040.55	0.1964
1040.6	0.19607
1040.65	0.19538
1040.7	0.19538
1040.75	0.19496
1040.8	0.19404
1040.85	0.19401
1040.9	0.19371
1040.95	0.19304
1041.0	0.19304
1041.05	0.19271
1041.1	0.19203
1041.15	0.19201
1041.2	0.1919
1041.25	0.19153
1041.3	0.19105
1041.35	0.19084
1041.4	0.19087
1041.45	0.19076
1041.5	0.19074
1041.55	0.19069
1041.6	0.19022
1041.65	0.19002
1041.7	0.19003
1041.75	0.1898
1041.8	0.18971
1041.85	0.18969
1041.9	0.18946
1041.95	0.1894
1042.0	0.18934
1042.05	0.18888
1042.1	0.18872
1042.15	0.18867
1042.2	0.1882
1042.25	0.18801
1042.3	0.18805
1042.35	0.18805
1042.4	0.18805
1042.45	0.18805
1042.5	0.18805
1042.55	0.18809
1042.6	0.18798
1042.65	0.18752
1042.7	0.18735
1042.75	0.18739
1042.8	0.18739
1042.85	0.18739
1042.9	0.18739
1042.95	0.18739
1043.0	0.18743
1043.05	0.18732
1043.1	0.18688
1043.15	0.18619
1043.2	0.1857
1043.25	0.18572
1043.3	0.18556
1043.35	0.18539
1043.4	0.18539
1043.45	0.1854
1043.5	0.1854
1043.55	0.1854
1043.6	0.1854
1043.65	0.1854
1043.7	0.1854
1043.75	0.1854
1043.8	0.1854
1043.85	0.1854
1043.9	0.1854
1043.95	0.18542
1044.0	0.18542
1044.05	0.18502
1044.1	0.18475
1044.15	0.18476
1044.2	0.18405
1044.25	0.18356
1044.3	0.18372
1044.35	0.18365
1044.4	0.18358
1044.45	0.18358
1044.5	0.18338
1044.55	0.18323
1044.6	0.18325
1044.65	0.18325
1044.7	0.18325
1044.75	0.18325
1044.8	0.18327
1044.85	0.18315
1044.9	0.18292
1044.95	0.18289
1045.0	0.18291
1045.05	0.18291
1045.1	0.18295
1045.15	0.1827
1045.2	0.18225
1045.25	0.18224
1045.3	0.18214
1045.35	0.18192
1045.4	0.1819
1045.45	0.18192
1045.5	0.18192
1045.55	0.18192
1045.6	0.18192
1045.65	0.18192
1045.7	0.18193
1045.75	0.18186
1045.8	0.18175
1045.85	0.18174
1045.9	0.18175
1045.95	0.18175
1046.0	0.18177
1046.05	0.18162
1046.1	0.18142
1046.15	0.18143
1046.2	0.18129
1046.25	0.18109
1046.3	0.1811
1046.35	0.18095
1046.4	0.18076
1046.45	0.18077
1046.5	0.18062
1046.55	0.18043
1046.6	0.18044
1046.65	0.1803
1046.7	0.18005
1046.75	0.17981
1046.8	0.17974
1046.85	0.17976
1046.9	0.17976
1046.95	0.17978
1047.0	0.17972
1047.05	0.17949
1047.1	0.17941
1047.15	0.17943
1047.2	0.17943
1047.25	0.17943
1047.3	0.17943
1047.35	0.17943
1047.4	0.17943
1047.45	0.17943
1047.5	0.17943
1047.55	0.17947
1047.6	0.17932
1047.65	0.17886
1047.7	0.17873
1047.75	0.17877
1047.8	0.17877
1047.85	0.17879
1047.9	0.17871
1047.95	0.17848
1048.0	0.17842
1048.05	0.17844
1048.1	0.17844
1048.15	0.17844
1048.2	0.17844
1048.25	0.17844
1048.3	0.17844
1048.35	0.17847
1048.4	0.17846
1048.45	0.17804
1048.5	0.17775
1048.55	0.17777
1048.6	0.17757
1048.65	0.17742
1048.7	0.17744
1048.75	0.17744
1048.8	0.17744
1048.85	0.17744
1048.9	0.17744
1048.95	0.17744
1049.0	0.17744
1049.05	0.17744
1049.1	0.17747
1049.15	0.17745
1049.2	0.17701
1049.25	0.17674
1049.3	0.17678
1049.35	0.17678
1049.4	0.1768
1049.45	0.17678
1049.5	0.17656
1049.55	0.17643
1049.6	0.17645
1049.65	0.17645
1049.7	0.17645
1049.75	0.17645
1049.8	0.17645
1049.85	0.17647
1049.9	0.17644
1049.95	0.17621
1050.0	0.17612
1050.05	0.17608
1050.1	0.17563
1050.15	0.17544
1050.2	0.17542
1050.25	0.17496
1050.3	0.17475
1050.35	0.17479
1050.4	0.17481
1050.45	0.17466
1050.5	0.17446
1050.55	0.17448
1050.6	0.17418
1050.65	0.17379
1050.7	0.17382
1050.75	0.17337
1050.8	0.17277
1050.85	0.17276
1050.9	0.1728
1050.95	0.17281
1051.0	0.17282
1051.05	0.17265
1051.1	0.17247
1051.15	0.17248
1051.2	0.17231
1051.25	0.17212
1051.3	0.17212
1051.35	0.17213
1051.4	0.17215
1051.45	0.17216
1051.5	0.1718
1051.55	0.17146
1051.6	0.17148
1051.65	0.17114
1051.7	0.17079
1051.75	0.17081
1051.8	0.17064
1051.85	0.17046
1051.9	0.17047
1051.95	0.17054
1052.0	0.1703
1052.05	0.1696
1052.1	0.16944
1052.15	0.16942
1052.2	0.16918
1052.25	0.16915
1052.3	0.16908
1052.35	0.16885
1052.4	0.16884
1052.45	0.16867
1052.5	0.16821
1052.55	0.16816
1052.6	0.16796
1052.65	0.16739
1052.7	0.16732
1052.75	0.16721
1052.8	0.16686
1052.85	0.1668
1052.9	0.16683
1052.95	0.16683
1053.0	0.16691
1053.05	0.16647
1053.1	0.16555
1053.15	0.16547
1053.2	0.16531
1053.25	0.16486
1053.3	0.16483
1053.35	0.16474
1053.4	0.16452
1053.45	0.16458
1053.5	0.1641
1053.55	0.16319
1053.6	0.16322
1053.65	0.16265
1053.7	0.16152
1053.75	0.16147
1053.8	0.16137
1053.85	0.16101
1053.9	0.16077
1053.95	0.16072
1054.0	0.16067
1054.05	0.15999
1054.1	0.15971
1054.15	0.15966
1054.2	0.15874
1054.25	0.15829
1054.3	0.15836
1054.35	0.15825
1054.4	0.15824
1054.45	0.15815
1054.5	0.15746
1054.55	0.15726
1054.6	0.15708
1054.65	0.1557
1054.7	0.15511
1054.75	0.1552
1054.8	0.15497
1054.85	0.15491
1054.9	0.15483
1054.95	0.15437
1055.0	0.15424
1055.05	0.15413
1055.1	0.15343
1055.15	0.15322
1055.2	0.15314
1055.25	0.15256
1055.3	0.15237
1055.35	0.15236
1055.4	0.15213
1055.45	0.15215
1055.5	0.15188
1055.55	0.15074
1055.6	0.14983
1055.65	0.14941
1055.7	0.14944
1055.75	0.14884
1055.8	0.14824
1055.85	0.14827
1055.9	0.14758
1055.95	0.14692
1056.0	0.14697
1056.05	0.14597
1056.1	0.14505
1056.15	0.1451
1056.2	0.14457
1056.25	0.14407
1056.3	0.1441
1056.35	0.14393
1056.4	0.14385
1056.45	0.14386
1056.5	0.14229
1056.55	0.14101
1056.6	0.14109
1056.65	0.14074
1056.7	0.14044
1056.75	0.14046
1056.8	0.14017
1056.85	0.14
1056.9	0.14
1056.95	0.13887
1057.0	0.13811
1057.05	0.13815
1057.1	0.13712
1057.15	0.13644
1057.2	0.13649
1057.25	0.13565
1057.3	0.1351
1057.35	0.13515
1057.4	0.13488
1057.45	0.13379
1057.5	0.13223
1057.55	0.13217
1057.6	0.13158
1057.65	0.13021
1057.7	0.1301
1057.75	0.13008
1057.8	0.12985
1057.85	0.12988
1057.9	0.12963
1057.95	0.12918
1058.0	0.12927
1058.05	0.12852
1058.1	0.12718
1058.15	0.12716
1058.2	0.12685
1058.25	0.12619
1058.3	0.12619
1058.35	0.12596
1058.4	0.12554
1058.45	0.1256
1058.5	0.12498
1058.55	0.12403
1058.6	0.12409
1058.65	0.12327
1058.7	0.12201
1058.75	0.12197
1058.8	0.12205
1058.85	0.12206
1058.9	0.12211
1058.95	0.12157
1059.0	0.12088
1059.05	0.12094
1059.1	0.12026
1059.15	0.11907
1059.2	0.11813
1059.25	0.11786
1059.3	0.11786
1059.35	0.11751
1059.4	0.11746
1059.45	0.11726
1059.5	0.11633
1059.55	0.11606
1059.6	0.11596
1059.65	0.11527
1059.7	0.11508
1059.75	0.11498
1059.8	0.1144
1059.85	0.11427
1059.9	0.11412
1059.95	0.11342
1060.0	0.11328
1060.05	0.11306
1060.1	0.11213
1060.15	0.11192
1060.2	0.11177
1060.25	0.11107
1060.3	0.1109
1060.35	0.11088
1060.4	0.11065
1060.45	0.11066
1060.5	0.11039
1060.55	0.10958
1060.6	0.10949
1060.65	0.10911
1060.7	0.10795
1060.75	0.10778
1060.8	0.10751
1060.85	0.10658
1060.9	0.10649
1060.95	0.10609
1061.0	0.10494
1061.05	0.10462
1061.1	0.10464
1061.15	0.10465
1061.2	0.10444
1061.25	0.1043
1061.3	0.10431
1061.35	0.10411
1061.4	0.10404
1061.45	0.10401
1061.5	0.10283
1061.55	0.10209
1061.6	0.10215
1061.65	0.10152
1061.7	0.10113
1061.75	0.10116
1061.8	0.10072
1061.85	0.10056
1061.9	0.1005
1061.95	0.09894
1062.0	0.09805
1062.05	0.09817
1062.1	0.09784
1062.15	0.09767
1062.2	0.09768
1062.25	0.09745
1062.3	0.09734
1062.35	0.09733
1062.4	0.09711
1062.45	0.09704
1062.5	0.09698
1062.55	0.0963
1062.6	0.09603
1062.65	0.09597
1062.7	0.09508
1062.75	0.09442
1062.8	0.09419
1062.85	0.09424
1062.9	0.09368
1062.95	0.09285
1063.0	0.09285
1063.05	0.0926
1063.1	0.09219
1063.15	0.09221
1063.2	0.09193
1063.25	0.09153
1063.3	0.09155
1063.35	0.09126
1063.4	0.09087
1063.45	0.09089
1063.5	0.09059
1063.55	0.09021
1063.6	0.09024
1063.65	0.08976
1063.7	0.08919
1063.75	0.0892
1063.8	0.08907
1063.85	0.0889
1063.9	0.08893
1063.95	0.08834
1064.0	0.08771
1064.05	0.08775
1064.1	0.08716
1064.15	0.08654
1064.2	0.08657
1064.25	0.08606
1064.3	0.08554
1064.35	0.08556
1064.4	0.0854
1064.45	0.08526
1064.5	0.08528
1064.55	0.08458
1064.6	0.08373
1064.65	0.0833
1064.7	0.08323
1064.75	0.08319
1064.8	0.08296
1064.85	0.08294
1064.9	0.08278
1064.95	0.08231
1065.0	0.08223
1065.05	0.08218
1065.1	0.08195
1065.15	0.08194
1065.2	0.08177
1065.25	0.08131
1065.3	0.08124
1065.35	0.08118
1065.4	0.08095
1065.45	0.08098
1065.5	0.08068
1065.55	0.07998
1065.6	0.0799
1065.65	0.07984
1065.7	0.07961
1065.75	0.07962
1065.8	0.07942
1065.85	0.07896
1065.9	0.07895
1065.95	0.07875
1066.0	0.07828
1066.05	0.07826
1066.1	0.07817
1066.15	0.07794
1066.2	0.07796
1066.25	0.07776
1066.3	0.07728
1066.35	0.07679
1066.4	0.0766
1066.45	0.0766
1066.5	0.07615
1066.55	0.07593
1066.6	0.07594
1066.65	0.07572
1066.7	0.07562
1066.75	0.07561
1066.8	0.07538
1066.85	0.07532
1066.9	0.07525
1066.95	0.07456
1067.0	0.07426
1067.05	0.07426
1067.1	0.0738
1067.15	0.07362
1067.2	0.07359
1067.25	0.07313
1067.3	0.07295
1067.35	0.07295
1067.4	0.07271
1067.45	0.07264
1067.5	0.07259
1067.55	0.07225
1067.6	0.07211
1067.65	0.07214
1067.7	0.07214
1067.75	0.07218
1067.8	0.07207
1067.85	0.0716
1067.9	0.07148
1067.95	0.07137
1068.0	0.07079
1068.05	0.07063
1068.1	0.07057
1068.15	0.07012
1068.2	0.06962
1068.25	0.0693
1068.3	0.06932
1068.35	0.06916
1068.4	0.06901
1068.45	0.06904
1068.5	0.06832
1068.55	0.06761
1068.6	0.06764
1068.65	0.06749
1068.7	0.06732
1068.75	0.06733
1068.8	0.06715
1068.85	0.06702
1068.9	0.06703
1068.95	0.06645
1069.0	0.06597
1069.05	0.066
1069.1	0.06563
1069.15	0.06532
1069.2	0.06534
1069.25	0.06515
1069.3	0.06501
1069.35	0.06501
1069.4	0.06481
1069.45	0.0647
1069.5	0.06469
1069.55	0.06398
1069.6	0.06345
1069.65	0.0635
1069.7	0.06341
1069.75	0.06335
1069.8	0.06335
1069.85	0.06317
1069.9	0.06291
1069.95	0.06269
1070.0	0.0627
1070.05	0.06249
1070.1	0.06204
1070.15	0.06203
1070.2	0.06183
1070.25	0.06137
1070.3	0.06137
1070.35	0.06115
1070.4	0.06070
1070.45	0.06070
1070.5	0.06048
1070.55	0.06003
1070.6	0.06000
1070.65	0.06003
1070.7	0.06003
1070.75	0.06007
1070.8	0.05980
1070.85	0.05937
1070.9	0.05938
1070.95	0.05913
1071.0	0.0587
1071.05	0.05873
1071.1	0.05833
1071.15	0.05769
1071.2	0.05767
1071.25	0.05771
1071.3	0.05771
1071.35	0.05771
1071.4	0.05771
1071.45	0.05772
1071.5	0.05775
1071.55	0.05744
1071.6	0.05703
1071.65	0.05702
1071.7	0.05709
1071.75	0.05699
1071.8	0.05653
1071.85	0.05639
1071.9	0.0563
1071.95	0.05572
1072.0	0.0555
1072.05	0.05555
1072.1	0.05555
1072.15	0.05558
1072.2	0.05549
1072.25	0.05515
1072.3	0.05505
1072.35	0.05502
1072.4	0.05478
1072.45	0.05474
1072.5	0.05463
1072.55	0.05416
1072.6	0.05406
1072.65	0.05396
1072.7	0.05350
1072.75	0.0534
1072.8	0.05329
1072.85	0.05282
1072.9	0.05273
1072.95	0.05261
1073.0	0.05215
1073.05	0.05203
1073.1	0.05207
1073.15	0.05207
1073.2	0.05211
1073.25	0.05194
1073.3	0.05148
1073.35	0.05141
1073.4	0.05127
1073.45	0.05080
1073.5	0.0507
1073.55	0.05075
1073.6	0.05075
1073.65	0.05055
1073.7	0.05042
1073.75	0.05042
1073.8	0.05001
1073.85	0.04974
1073.9	0.04976
1073.95	0.04935
1074.0	0.04908
1074.05	0.04910
1074.1	0.04867
1074.15	0.04838
1074.2	0.04842
1074.25	0.04842
1074.3	0.04844
1074.35	0.04842
1074.4	0.04810
1074.45	0.04794
1074.5	0.04793
1074.55	0.04738
1074.6	0.04708
1074.65	0.0471
1074.7	0.04665
1074.75	0.04639
1074.8	0.04643
1074.85	0.04643
1074.9	0.04646
1074.95	0.04642
1075.0	0.04597
1075.05	0.04576
1075.1	0.04575
1075.15	0.0453
1075.2	0.04507
1075.25	0.04511
1075.3	0.04515
1075.35	0.04486
1075.4	0.04443
1075.45	0.04445
1075.5	0.04419
1075.55	0.04377
1075.6	0.04377
1075.65	0.04365
1075.7	0.04345
1075.75	0.04346
1075.8	0.04331
1075.85	0.04313
1075.9	0.04316
1075.95	0.0427
1076.0	0.04210
1076.05	0.04210
1076.1	0.04198
1076.15	0.04178
1076.2	0.04178
1076.25	0.04179
1076.3	0.04180
1076.35	0.04182
1076.4	0.04149
1076.45	0.04112
1076.5	0.04114
1076.55	0.04081
1076.6	0.04044
1076.65	0.04045
1076.7	0.04038
1076.75	0.04031
1076.8	0.04032
1076.85	0.04005
1076.9	0.03979
1076.95	0.0398
1077.0	0.03965
1077.05	0.03940
1077.1	0.03918
1077.15	0.03912
1077.2	0.03914
1077.25	0.03914
1077.3	0.03920
1077.35	0.03895
1077.4	0.03825
1077.45	0.03812
1077.5	0.03801
1077.55	0.03754
1077.6	0.03744
1077.65	0.03748
1077.7	0.03748
1077.75	0.03754
1077.8	0.03725
1077.85	0.03656
1077.9	0.03644
1077.95	0.0364
1078.0	0.03617
1078.05	0.03617
1078.1	0.03598
1078.15	0.03553
1078.2	0.03545
1078.25	0.03549
1078.3	0.03549
1078.35	0.03549
1078.4	0.03549
1078.45	0.03549
1078.5	0.03549
1078.55	0.03549
1078.6	0.03549
1078.65	0.03551
1078.7	0.03539
1078.75	0.03516
1078.8	0.03519
1078.85	0.035
1078.9	0.03449
1078.95	0.03378
1079.0	0.03346
1079.05	0.0335
1079.1	0.03327
1079.15	0.03317
1079.2	0.03316
1079.25	0.03293
1079.3	0.03281
1079.35	0.03283
1079.4	0.03283
1079.45	0.03283
1079.5	0.03283
1079.55	0.03283
1079.6	0.03283
1079.65	0.03283
1079.7	0.03283
1079.75	0.03285
1079.8	0.03281
1079.85	0.03258
1079.9	0.03253
1079.95	0.03244
1080.0	0.03186
1080.05	0.03166
1080.1	0.0316
1080.15	0.03102
1080.2	0.03079
1080.25	0.03084
1080.3	0.03084
1080.35	0.03084
1080.4	0.03084
1080.45	0.03084
1080.5	0.03086
1080.55	0.0308
1080.6	0.03057
1080.65	0.03049
1080.7	0.03052
1080.75	0.03054
1080.8	0.03019
1080.85	0.02984
1080.9	0.02986
1080.95	0.02953
1081.0	0.02917
1081.05	0.02919
1081.1	0.02902
1081.15	0.02886
1081.2	0.02888
1081.25	0.02834
1081.3	0.02783
1081.35	0.02786
1081.4	0.02751
1081.45	0.02719
1081.5	0.02721
1081.55	0.02684
1081.6	0.02650
1081.65	0.02652
1081.7	0.02653
1081.75	0.02653
1081.8	0.02653
1081.85	0.02653
1081.9	0.02654
1081.95	0.02654
1082.0	0.02634
1082.05	0.02619
1082.1	0.0262
1082.15	0.02600
1082.2	0.02588
1082.25	0.02588
1082.3	0.02547
1082.35	0.02521
1082.4	0.02522
1082.45	0.02470
1082.5	0.02433
1082.55	0.02437
1082.6	0.0244
1082.65	0.02429
1082.7	0.02406
1082.75	0.02403
1082.8	0.02405
1082.85	0.02405
1082.9	0.02405
1082.95	0.02405
1083.0	0.02405
1083.05	0.02407
1083.1	0.02394
1083.15	0.02371
1083.2	0.02372
1083.25	0.02355
1083.3	0.02322
1083.35	0.02326
1083.4	0.02288
1083.45	0.02221
1083.5	0.02219
1083.55	0.0221
1083.6	0.02189
1083.65	0.02189
1083.7	0.02177
1083.75	0.02156
1083.8	0.02155
1083.85	0.02156
1083.9	0.02156
1083.95	0.02156
1084.0	0.02156
1084.05	0.02156
1084.1	0.02158
1084.15	0.02145
1084.2	0.0212
1084.25	0.02096
1084.3	0.02089
1084.35	0.02086
1084.4	0.02063
1084.45	0.02056
1084.5	0.02053
1084.55	0.02030
1084.6	0.02021
1084.65	0.02023
1084.7	0.02023
1084.75	0.02023
1084.8	0.02023
1084.85	0.02023
1084.9	0.02027
1084.95	0.02015
1085.0	0.01968
1085.05	0.01953
1085.1	0.01957
1085.15	0.01957
1085.2	0.01959
1085.25	0.01952
1085.3	0.01929
1085.35	0.01922
1085.4	0.01924
1085.45	0.01924
1085.5	0.01924
1085.55	0.01924
1085.6	0.01924
1085.65	0.01924
1085.7	0.01924
1085.75	0.01924
1085.8	0.01926
1085.85	0.01917
1085.9	0.01894
1085.95	0.01892
1086.0	0.01877
1086.05	0.01831
1086.1	0.01801
1086.15	0.01790
1086.2	0.01791
1086.25	0.01772
1086.3	0.01756
1086.35	0.01758
1086.4	0.01758
1086.45	0.01759
1086.5	0.01759
1086.55	0.01738
1086.6	0.01725
1086.65	0.01725
1086.7	0.01704
1086.75	0.01690
1086.8	0.01691
1086.85	0.01670
1086.9	0.01657
1086.95	0.01658
1087.0	0.01648
1087.05	0.01643
1087.1	0.01642
1087.15	0.01620
1087.2	0.01607
1087.25	0.01609
1087.3	0.01609
1087.35	0.01609
1087.4	0.01609
1087.45	0.01609
1087.5	0.01609
1087.55	0.01609
1087.6	0.01609
1087.65	0.01609
1087.7	0.01609
1087.75	0.01609
1087.8	0.01609
1087.85	0.01609
1087.9	0.01609
1087.95	0.01609
1088.0	0.01609
1088.05	0.01611
1088.1	0.01596
1088.15	0.01574
1088.2	0.01572
1088.25	0.01588
1088.3	0.0161
1088.35	0.01612
1088.4	0.01595
1088.45	0.01574
1088.5	0.01574
1088.55	0.01575
1088.6	0.01575
1088.65	0.01576
1088.7	0.01568
1088.75	0.01559
1088.8	0.01560
1088.85	0.01544
1088.9	0.01525
1088.95	0.01525
1089.0	0.01526
1089.05	0.01526
1089.1	0.01526
1089.15	0.01526
1089.2	0.01527
1089.25	0.01528
1089.3	0.0151
1089.35	0.01491
1089.4	0.01492
1089.45	0.01476
1089.5	0.01458
1089.55	0.01458
1089.6	0.01459
1089.65	0.01459
1089.7	0.01459
1089.75	0.01463
1089.8	0.01447
1089.85	0.01401
1089.9	0.01391
1089.95	0.01387
1090.0	0.01364
1090.05	0.01358
1090.1	0.01360
1090.15	0.01360
1090.2	0.01360
1090.25	0.01360
1090.3	0.01360
1090.35	0.01360
1090.4	0.01360
1090.45	0.01360
1090.5	0.01360
1090.55	0.01360
1090.6	0.01360
1090.65	0.01362
1090.7	0.01352
1090.75	0.01329
1090.8	0.01327
1090.85	0.01318
1090.9	0.01295
1090.95	0.01293
1091.0	0.01284
1091.05	0.01261
1091.1	0.01260
1091.15	0.01251
1091.2	0.01228
1091.25	0.01225
1091.3	0.01227
1091.35	0.01227
1091.4	0.01227
1091.45	0.01228
1091.5	0.01227
1091.55	0.01216
1091.6	0.01210
1091.65	0.01211
1091.7	0.01212
1091.75	0.01209
1091.8	0.01193
1091.85	0.01147
1091.9	0.01126
1091.95	0.01127
1092.0	0.01104
1092.05	0.01092
1092.1	0.01094
1092.15	0.01094
1092.2	0.01094
1092.25	0.01094
1092.3	0.01094
1092.35	0.01096
1092.4	0.01092
1092.45	0.01069
1092.5	0.01059
1092.55	0.01061
1092.6	0.01061
1092.65	0.01063
1092.7	0.01058
1092.75	0.01035
1092.8	0.0103
1092.85	0.01022
1092.9	0.00976
1092.95	0.00958
1093.0	0.00962
1093.05	0.00962
1093.1	0.00962
1093.15	0.00962
1093.2	0.00962
1093.25	0.00962
1093.3	0.00962
1093.35	0.00962
1093.4	0.00962
1093.45	0.00962
1093.5	0.00962
1093.55	0.00962
1093.6	0.00962
1093.65	0.00962
1093.7	0.00962
1093.75	0.00962
1093.8	0.00961
1093.85	0.0097
1093.9	0.00974
1093.95	0.00964
1094.0	0.00961
1094.05	0.00963
1094.1	0.00963
1094.15	0.00944
1094.2	0.00929
1094.25	0.00929
1094.3	0.0091
1094.35	0.00893
1094.4	0.00894
1094.45	0.00895
1094.5	0.00896
1094.55	0.00895
1094.6	0.00886
1094.65	0.00879
1094.7	0.0088
1094.75	0.00859
1094.8	0.00845
1094.85	0.00846
1094.9	0.00827
1094.95	0.00807
1095.0	0.00797
1095.05	0.00797
1095.1	0.00787
1095.15	0.00764
1095.2	0.007610
1095.25	0.007630
1095.3	0.007630
1095.35	0.007630
1095.4	0.007650
1095.45	0.007630
1095.5	0.00728
1095.55	0.00720
1095.6	0.00745
1095.65	0.007480
1095.7	0.007460
1095.75	0.007460
1095.8	0.007460
1095.85	0.007460
1095.9	0.007460
1095.95	0.007460
1096.0	0.007460
1096.05	0.007460
1096.1	0.007480
1096.15	0.00734
1096.2	0.00713
1096.25	0.00713
1096.3	0.00707
1096.35	0.00696
1096.4	0.006970
1096.45	0.00684
1096.5	0.006630
1096.55	0.006630
1096.6	0.00650
1096.65	0.006290
1096.7	0.006290
1096.75	0.00630
1096.8	0.00630
1096.85	0.00630
1096.9	0.00632
1096.95	0.00627
1097.0	0.00604
1097.05	0.005970
1097.1	0.00594
1097.15	0.00571
1097.2	0.00564
1097.25	0.00561
1097.3	0.00538
1097.35	0.005310
1097.4	0.00527
1097.45	0.00503
1097.5	0.00495
1097.55	0.004970
1097.6	0.004970
1097.65	0.004970
1097.7	0.004970
1097.75	0.004970
1097.8	0.004970
1097.85	0.004970
1097.9	0.004970
1097.95	0.004970
1098.0	0.004970
1098.05	0.004970
1098.1	0.004970
1098.15	0.004970
1098.2	0.004970
1098.25	0.004970
1098.3	0.004970
1098.35	0.004970
1098.4	0.004970
1098.45	0.004970
1098.5	0.004970
1098.55	0.004970
1098.6	0.004970
1098.65	0.004970
1098.7	0.004970
1098.75	0.004970
1098.8	0.004970
1098.85	0.004970
1098.9	0.004970
1098.95	0.004970
1099.0	0.004970
1099.05	0.004970
1099.1	0.004970
1099.15	0.004970
1099.2	0.004990
1099.25	0.00498
1099.3	0.004670
1099.35	0.00446
1099.4	0.004480
1099.45	0.00437
1099.5	0.0043
1099.55	0.004310
1099.6	0.004310
1099.65	0.004310
1099.7	0.004310
1099.75	0.00429
1099.8	0.00442
1099.85	0.00462
1099.9	0.00443
1099.95	0.00423
1100.0	0.004310